0	0	0	0	2	4	2	0	0	0	0	0	0	0	0	0	0	0	0	0	0	0	0	0	0	0	0	0	0	0	0	7	18	27	29	28	27	29	29	27	27	30	33	30	32	32	32	30	31	30	24	21	18	14	12	12	12	12	14	21	22	21	23	21	19	20	23	23	25	26	27	26	24	19	22	23	29	27	25	21	15	17	14	14	12	11	9	7	6	7	14	15	16	18	19	18	14	13	13	11	4	0	0	0	0	0	0	0	0	0	0	0	0	0	0	0	0	0	0	0	0	0	0	0	0	0	0	0	0	0	0	0	0	0	0	0	0	0	0	0	0	0	0	0	0	0	0	0	0	0	0	0	0	0	0	0	0	0	0	0	0	0
0	15	14	19	26	28	29	24	18	3	32	23	15	11	12	14	20	16	19	15	7	5	6	9	10	12	10	16	26	0	0	52	119	133	136	136	134	134	134	133	134	133	140	136	138	142	142	137	137	135	125	124	124	121	121	118	116	120	120	124	124	123	128	129	126	126	128	126	130	130	128	127	128	126	128	129	134	131	128	124	117	118	114	111	108	112	108	103	104	105	111	112	119	126	128	124	119	116	113	107	47	0	0	50	30	21	23	24	24	27	35	39	48	63	66	66	63	63	58	55	60	49	42	27	29	31	29	25	24	23	26	24	15	13	18	20	19	20	19	19	20	17	19	19	19	23	26	28	25	19	15	14	21	27	36	32	33	29	33	36	55	0
0	32	38	40	41	45	49	48	37	14	75	68	61	54	56	53	58	57	60	56	50	46	46	46	49	48	48	62	73	6	0	88	199	221	219	220	220	220	221	224	223	221	221	223	227	229	227	225	225	220	213	212	213	208	206	205	203	204	210	210	211	209	212	214	211	212	209	211	216	219	216	213	212	208	214	211	214	214	216	206	199	207	192	189	190	188	187	185	184	184	194	197	204	214	214	210	204	199	195	183	81	0	26	122	103	85	80	86	91	97	107	107	114	130	131	130	128	125	125	122	127	112	114	95	95	96	95	94	91	86	91	91	77	74	74	77	78	76	76	77	76	77	83	84	79	82	87	87	83	80	75	75	81	91	95	100	99	92	94	101	124	11
1	33	40	38	35	38	47	48	42	15	54	45	37	32	36	34	34	37	39	42	42	42	41	42	42	43	39	47	66	1	0	94	214	238	233	232	232	232	234	234	233	234	237	242	244	242	242	244	245	238	225	224	222	215	215	216	216	217	214	220	227	224	225	230	227	231	226	222	225	227	227	228	228	224	227	226	226	224	224	215	209	215	196	187	188	185	184	185	183	187	201	202	214	223	226	223	220	214	216	195	83	0	14	110	82	65	65	68	70	75	88	92	103	124	130	130	126	123	124	122	123	105	96	72	68	66	69	69	73	68	72	70	56	57	57	59	60	60	64	63	59	58	62	65	65	66	69	67	65	65	60	59	61	65	74	82	80	74	70	86	115	0
3	36	40	39	39	41	47	43	40	12	52	38	32	26	34	30	23	23	32	34	32	31	34	37	38	36	33	42	62	0	2	99	219	244	242	239	239	240	241	242	244	246	247	249	251	253	255	251	250	244	232	234	233	227	225	224	221	221	227	228	234	230	233	238	235	236	232	232	238	240	237	235	234	231	229	235	239	232	231	226	219	216	200	185	190	190	188	185	182	191	203	207	223	234	235	232	225	219	227	202	87	0	6	103	75	57	51	55	61	65	77	82	97	125	121	126	125	124	126	121	117	95	91	63	53	57	59	53	59	60	66	65	46	51	49	50	51	54	49	54	56	54	58	57	56	54	57	55	55	54	51	49	54	60	64	66	65	68	64	76	102	0
4	40	46	46	44	44	44	44	44	15	53	41	41	36	33	28	28	22	25	29	29	29	33	34	32	34	33	45	66	9	2	94	217	238	239	240	240	239	241	243	244	245	248	252	254	254	255	254	254	245	232	233	232	225	221	221	221	223	224	227	232	232	233	235	238	235	236	235	238	240	240	237	235	233	234	236	236	233	232	226	219	218	200	191	193	193	189	187	184	189	202	207	222	233	234	231	224	224	230	214	82	0	8	103	78	61	55	51	60	65	72	83	97	120	123	123	123	120	125	122	113	96	93	62	55	54	57	59	61	62	64	67	48	53	52	53	56	55	56	56	55	55	58	58	59	56	53	48	59	57	56	57	58	59	61	70	71	71	65	76	104	0
2	42	47	47	47	47	45	43	45	16	51	40	41	34	30	26	27	25	28	29	29	30	31	30	29	30	35	46	68	9	6	99	213	231	238	239	239	239	243	243	243	245	250	252	254	255	255	254	254	245	233	231	232	226	222	222	221	221	225	228	230	231	233	236	237	236	236	235	240	242	240	238	235	234	232	236	236	234	232	226	219	222	202	191	194	194	191	187	186	191	203	207	220	232	232	231	225	225	231	214	82	0	0	98	74	61	56	54	63	67	75	83	96	118	122	123	121	118	123	120	111	94	94	65	58	56	60	62	62	62	64	66	48	50	50	50	54	52	56	53	53	53	56	57	57	54	48	46	56	57	55	57	62	65	63	68	70	69	64	77	106	0
0	32	39	41	41	43	41	41	41	13	52	43	43	37	35	32	32	32	33	34	34	32	32	28	24	25	21	36	62	3	2	100	216	237	238	239	239	239	243	244	244	245	248	252	254	254	254	254	254	245	231	229	229	224	221	220	219	219	224	227	228	227	228	231	233	234	236	238	240	242	240	238	235	231	231	230	233	232	230	223	220	222	201	190	192	192	190	188	186	192	203	207	215	224	230	228	225	222	226	205	78	0	0	98	69	57	59	60	66	68	78	86	105	129	127	126	121	117	119	116	109	91	93	66	59	57	61	62	59	59	61	61	44	45	46	49	53	51	51	50	51	50	53	53	53	50	48	51	55	59	51	48	56	58	55	56	63	64	64	79	103	0
0	32	34	34	36	36	36	36	36	11	50	46	48	43	44	42	38	40	44	41	40	37	33	30	27	27	29	43	67	4	2	101	217	245	241	240	240	241	243	244	247	246	248	250	252	254	254	252	252	243	232	231	229	225	223	222	221	221	226	227	228	229	228	231	233	235	236	239	241	240	240	236	231	228	228	227	231	230	227	222	218	221	204	195	197	197	195	195	195	201	210	209	216	223	228	228	225	224	233	204	77	0	11	114	84	72	78	82	84	85	93	96	112	135	136	134	129	125	127	125	118	99	94	64	59	59	62	62	59	57	60	59	43	45	46	48	50	51	50	48	48	48	50	49	50	50	52	58	56	59	49	49	61	68	64	63	72	76	74	87	105	0
0	21	24	23	23	23	23	23	19	1	64	59	60	57	61	61	56	59	57	53	50	46	40	40	42	39	39	48	65	6	3	102	217	246	240	241	241	240	243	244	246	247	248	250	252	252	252	250	250	243	234	234	235	229	228	227	226	227	228	232	232	232	232	233	236	235	235	238	240	239	235	234	229	226	226	225	229	229	226	222	218	218	210	203	203	205	203	205	205	210	216	214	219	225	229	231	230	231	240	209	83	0	31	134	115	108	114	122	121	121	125	121	131	148	150	149	144	140	144	141	136	114	94	59	57	57	62	64	59	59	61	61	49	48	48	52	51	51	52	52	52	51	52	51	52	54	62	66	58	57	49	60	76	88	89	86	95	96	93	101	115	0
0	51	54	47	47	46	46	44	44	40	37	32	33	31	31	33	30	32	27	21	17	15	10	10	15	13	13	22	34	0	6	103	217	242	241	242	241	241	242	244	247	246	250	252	252	252	252	250	250	245	238	237	235	232	230	230	229	230	231	233	235	234	235	236	236	236	234	238	239	235	235	234	230	226	226	224	231	229	226	224	220	218	214	210	210	210	210	212	212	215	221	218	223	227	230	233	236	237	238	210	86	5	47	141	133	129	128	132	128	131	135	135	144	158	163	160	156	153	159	155	151	120	99	57	53	53	60	60	57	55	58	59	53	56	55	60	58	60	59	59	58	57	57	56	56	58	61	65	59	59	54	70	80	92	99	98	104	102	100	107	120	11
0	85	72	55	55	53	48	48	53	72	12	17	21	21	16	16	15	18	17	10	5	0	0	0	0	0	0	1	10	0	11	103	215	241	241	244	243	243	245	247	249	249	254	254	254	254	254	252	250	246	241	242	240	236	235	233	232	236	237	240	241	241	240	241	241	239	237	239	239	236	233	234	230	227	227	225	232	231	228	228	221	220	225	228	228	227	227	227	227	227	230	229	229	233	234	237	240	241	240	212	84	19	75	166	172	173	177	175	174	175	180	182	185	188	190	189	184	183	184	182	174	135	111	58	51	51	56	58	54	53	53	56	55	60	59	66	63	67	64	62	62	60	58	56	56	55	54	54	55	57	59	87	92	109	119	124	129	126	124	126	138	29
0	77	51	30	32	30	23	25	32	60	22	31	39	43	36	38	39	40	38	29	19	14	0	0	4	0	2	13	19	4	18	102	213	240	243	246	245	245	247	248	249	249	254	254	254	254	254	252	250	248	246	245	242	240	240	238	238	242	242	243	245	246	246	247	246	243	241	242	241	236	233	232	229	225	224	224	230	228	226	229	223	223	235	243	241	241	239	239	239	239	237	235	235	239	239	241	244	243	243	211	82	29	102	201	223	230	225	225	224	226	226	225	218	210	216	215	213	212	214	206	197	153	120	60	53	51	56	56	54	53	53	57	59	63	61	64	59	63	63	63	61	59	56	56	56	55	49	48	50	52	59	99	111	132	145	154	161	154	153	150	159	50
0	67	49	32	34	32	28	30	34	62	24	31	37	38	38	37	44	44	45	29	18	12	4	11	10	0	0	24	34	5	19	106	214	244	243	245	247	247	248	248	249	250	250	252	252	252	252	250	250	248	245	243	242	242	242	240	241	241	242	242	244	244	246	246	248	246	244	241	242	239	233	230	226	220	221	221	222	222	220	226	228	230	237	241	241	241	239	239	237	237	237	237	237	237	239	239	241	239	235	210	86	30	102	203	219	230	230	230	229	229	228	225	216	213	216	217	220	218	216	206	194	148	118	62	54	51	53	54	53	53	52	54	60	63	61	59	59	59	63	63	61	59	56	56	59	57	55	52	52	54	61	98	116	138	142	149	154	152	152	155	161	53
0	66	49	32	34	34	30	30	34	62	23	32	38	39	40	38	45	45	44	33	15	5	5	0	0	0	0	4	1	13	20	104	215	238	243	245	247	247	248	248	249	248	250	250	250	250	250	250	250	248	245	243	242	242	242	241	241	241	242	242	244	244	246	246	248	246	244	244	244	241	233	230	227	218	219	219	219	218	218	224	230	231	237	241	241	241	239	239	237	237	237	237	237	237	239	239	239	239	237	211	86	34	101	198	214	225	231	233	233	230	226	221	214	211	213	215	216	215	213	203	189	145	116	62	56	53	54	54	51	51	53	55	63	63	61	59	57	57	64	65	63	59	55	55	58	58	58	55	55	55	58	97	118	140	143	149	153	151	151	154	158	51
0	61	51	34	34	32	28	28	32	62	25	36	43	46	47	46	49	48	48	26	13	4	9	0	0	0	0	0	7	14	14	103	215	246	245	245	247	247	248	248	249	248	250	250	250	250	250	250	250	248	245	243	242	242	242	241	241	241	241	241	242	242	244	244	246	246	244	244	246	241	233	230	227	221	221	219	219	218	218	224	232	233	237	241	239	239	239	239	237	237	237	237	239	239	239	239	241	241	240	213	93	39	103	198	211	224	225	228	226	225	222	218	211	211	214	213	212	209	209	199	188	144	116	62	58	56	60	58	51	49	51	55	63	63	61	59	56	59	66	65	63	59	55	55	58	60	59	56	55	55	57	96	118	140	150	153	158	156	154	155	156	50
0	66	53	35	34	30	26	26	32	62	23	34	41	45	46	44	47	45	39	31	11	14	5	13	10	0	0	20	38	3	12	97	224	240	245	245	247	247	248	248	249	248	250	250	250	250	250	250	250	248	245	243	242	242	242	241	241	241	241	241	242	242	244	244	244	244	244	243	246	241	233	232	227	220	221	219	220	219	219	224	232	234	237	241	239	239	239	239	237	237	237	237	239	239	239	239	241	241	245	219	96	42	102	194	209	220	226	227	227	226	223	218	213	211	211	210	208	205	208	199	187	143	116	62	56	56	62	60	53	51	52	54	62	64	62	60	58	61	65	65	63	59	56	56	59	61	58	55	56	56	59	95	115	139	149	154	158	154	151	150	151	45
0	68	53	34	32	28	25	26	32	62	24	33	41	44	43	39	42	38	44	29	11	5	5	5	0	0	5	0	19	4	7	94	221	248	247	245	247	247	248	248	249	248	250	250	252	252	252	252	252	248	245	243	242	242	242	241	242	242	241	241	241	241	242	242	242	244	244	243	244	240	232	231	226	220	221	219	220	218	218	224	232	233	237	241	239	239	239	239	239	239	239	239	239	239	241	241	241	243	243	220	97	43	105	200	216	230	226	226	225	224	225	219	212	208	210	210	210	209	214	206	194	148	116	60	54	54	62	62	56	53	53	56	64	64	63	61	61	64	66	66	65	61	56	55	56	58	58	56	58	57	60	95	111	136	147	154	158	153	149	149	147	41
0	66	51	32	28	26	26	28	35	64	24	31	38	39	38	36	36	35	31	24	20	16	5	11	7	18	20	15	26	0	8	98	221	246	247	245	247	247	248	248	249	248	250	250	252	252	252	252	252	248	247	243	242	242	242	241	242	242	241	241	241	241	241	241	242	242	242	241	242	239	233	230	226	218	219	218	218	218	217	224	229	231	237	241	239	239	239	239	239	239	239	239	239	239	241	241	241	241	241	218	95	37	96	191	210	220	217	216	217	217	218	215	206	202	201	203	204	204	210	202	186	142	115	60	53	53	60	62	56	54	54	57	64	66	65	63	64	64	67	69	65	61	55	55	56	57	56	55	56	55	58	91	103	126	139	148	152	149	145	144	145	39
0	67	46	26	26	28	28	32	39	65	21	27	32	33	34	31	31	29	31	17	26	21	16	15	9	16	14	20	33	3	11	105	218	253	247	245	247	247	248	248	249	248	250	250	252	252	252	252	252	248	247	243	242	242	242	241	242	242	241	241	241	241	241	239	241	241	242	241	242	237	229	226	223	218	218	216	217	217	215	222	228	229	235	239	239	239	239	239	239	239	239	239	241	241	241	241	243	241	241	215	92	30	82	176	191	196	192	193	196	196	197	195	187	186	191	194	197	197	202	192	176	133	113	60	53	51	56	58	54	53	55	57	64	65	64	62	62	65	67	69	65	61	56	56	57	57	55	53	54	55	58	90	98	120	131	140	144	143	141	142	146	39
0	62	46	28	28	30	32	35	39	60	20	20	23	25	28	26	29	25	21	25	19	23	25	21	18	15	20	25	26	10	16	101	221	240	245	245	247	247	248	248	249	248	250	250	252	252	252	252	252	248	245	243	242	242	242	241	242	242	241	241	241	239	239	237	237	237	238	238	240	234	228	226	221	214	216	215	214	214	215	221	226	230	235	239	239	239	239	239	239	239	239	239	241	241	241	241	243	241	234	210	87	18	62	149	158	158	157	158	162	161	160	162	164	165	169	171	176	177	178	169	157	124	103	59	54	52	57	57	55	54	54	57	64	66	63	62	62	63	66	67	64	62	57	55	59	59	56	54	54	55	59	88	91	109	121	128	130	129	128	130	137	37
0	63	49	32	32	32	33	33	30	46	9	9	13	6	19	16	17	22	22	29	15	19	24	28	24	22	30	31	33	15	19	101	214	238	244	246	246	248	249	249	249	248	250	250	252	252	252	252	252	248	245	241	244	244	244	243	242	242	241	241	240	243	242	239	238	239	237	236	239	235	226	229	219	217	218	218	214	216	218	222	229	228	235	240	240	240	240	240	240	240	240	238	239	239	241	241	242	241	237	208	84	0	28	132	116	106	109	109	113	114	121	122	124	137	140	143	148	146	146	142	135	109	86	56	58	59	61	61	59	58	59	61	55	59	57	57	56	58	62	62	57	53	62	61	64	64	63	61	61	61	62	82	93	107	113	113	114	111	111	116	130	13
0	66	51	33	33	35	35	33	28	39	0	0	0	0	4	8	0	12	20	28	18	27	34	33	32	42	42	44	42	20	21	101	216	241	244	246	246	246	249	249	249	248	250	250	252	252	252	252	252	248	245	241	244	244	244	243	242	242	241	241	240	241	240	237	236	236	236	233	236	233	222	225	217	215	215	216	212	214	216	218	225	226	235	240	240	240	240	240	240	240	240	238	239	239	241	241	242	241	241	211	87	0	4	92	63	50	53	54	56	59	66	72	87	105	105	106	111	109	107	103	99	83	75	54	59	61	59	58	58	58	59	63	55	59	57	59	58	58	63	62	57	53	62	61	63	63	63	61	61	59	60	75	79	88	90	88	89	87	88	95	112	2
0	65	53	35	35	35	39	35	30	39	2	0	0	7	6	30	0	32	13	31	26	28	35	37	34	36	40	42	38	19	19	105	226	252	248	244	246	246	249	249	249	248	250	250	252	252	252	252	252	248	245	241	244	244	244	243	244	242	241	241	240	241	238	236	235	234	232	231	234	230	219	224	216	213	213	212	210	212	212	217	224	224	235	240	238	238	238	238	240	240	240	238	239	241	242	242	242	242	246	220	98	0	5	90	61	46	51	53	53	55	62	71	89	105	98	97	106	104	98	92	89	74	74	56	59	59	56	54	56	58	59	63	55	61	59	61	60	60	65	63	59	55	62	61	63	63	59	59	59	59	60	72	72	77	82	81	82	81	84	95	116	6
0	66	53	35	35	35	39	37	30	39	0	0	2	0	0	0	0	0	0	10	30	34	37	37	33	37	42	42	38	17	18	103	228	254	248	244	246	246	248	249	249	248	250	250	252	252	252	252	252	248	245	241	244	244	244	243	244	242	242	239	238	239	238	234	233	232	230	229	232	228	217	222	214	211	211	212	209	211	212	215	224	223	233	240	238	238	238	238	240	240	240	240	241	241	242	242	242	244	244	220	99	0	4	88	61	48	49	51	53	55	62	71	87	103	96	95	104	104	99	92	87	74	74	58	59	58	54	54	56	58	59	63	57	61	59	61	60	62	65	65	59	55	62	61	63	61	59	57	57	59	60	72	67	72	78	78	79	80	82	95	116	7
0	64	51	33	32	33	37	37	30	40	0	0	0	9	21	0	0	0	8	22	20	27	39	44	35	39	47	47	40	15	12	96	219	247	246	244	246	246	248	249	249	248	250	250	252	252	252	252	254	250	245	241	244	244	244	243	244	242	242	239	238	237	237	234	231	230	230	229	230	228	217	222	212	210	211	212	209	211	212	215	224	223	233	238	238	238	238	238	240	240	242	240	241	241	242	242	244	242	239	211	91	0	0	88	65	52	49	49	51	55	66	72	85	99	98	98	109	111	108	103	94	77	77	58	56	56	54	54	58	59	59	63	57	63	61	63	62	63	67	65	59	55	62	61	61	61	59	59	59	59	62	72	63	68	78	80	81	81	82	93	114	6
0	70	49	30	30	30	35	37	32	42	0	0	0	9	1	0	14	0	0	11	27	37	43	45	38	41	47	47	42	19	14	96	218	245	244	244	246	246	248	248	249	248	250	250	252	252	252	252	254	250	245	241	244	244	244	243	244	242	242	239	238	237	237	232	229	230	230	229	230	228	219	222	214	210	211	212	209	211	212	215	224	223	233	238	238	238	238	238	240	240	242	240	241	241	242	242	244	242	237	209	89	0	0	86	67	53	51	49	53	55	66	72	84	99	99	100	111	111	110	105	96	81	77	58	56	56	56	58	58	59	61	65	57	63	61	63	63	65	69	67	61	55	62	61	61	61	61	59	59	61	64	72	63	68	80	83	86	83	84	93	114	4
0	54	47	26	26	28	33	37	35	46	3	0	0	1	2	0	12	0	0	17	32	43	51	54	41	33	44	47	46	24	21	101	221	247	246	244	246	246	248	248	249	248	250	250	252	252	254	254	254	250	245	241	244	244	244	243	244	242	242	239	238	237	235	232	229	229	230	229	232	228	219	222	214	211	211	212	209	211	212	217	224	223	233	238	238	238	238	238	240	240	242	240	241	241	242	242	244	242	239	213	96	0	0	86	65	53	51	51	53	55	64	71	85	101	101	100	108	106	107	103	94	79	77	58	59	59	61	61	58	58	59	65	57	63	62	64	65	65	69	67	61	56	62	61	61	61	61	61	59	61	64	73	65	70	85	88	91	88	86	95	112	2
0	83	65	47	46	47	53	55	55	63	15	5	7	9	10	19	17	11	12	25	33	48	52	46	37	36	40	42	44	22	19	96	205	224	223	221	223	225	226	226	224	225	227	229	229	229	229	230	230	227	222	220	225	225	221	220	221	221	219	219	219	218	215	213	210	211	213	213	214	214	205	211	203	201	199	198	196	198	200	201	206	205	215	221	219	219	219	221	221	222	222	220	218	218	219	221	223	223	219	199	89	0	14	107	88	78	79	79	79	82	87	92	101	115	114	113	116	114	115	112	105	95	102	88	88	90	90	88	86	84	88	91	82	87	85	87	88	90	92	90	85	81	89	87	89	89	89	89	86	86	88	98	88	93	105	108	107	106	105	111	123	9
0	70	59	47	45	45	49	51	51	56	9	11	8	8	10	13	13	13	13	16	28	31	33	34	27	27	21	28	23	12	12	66	138	144	148	140	145	147	150	152	145	144	152	150	152	153	153	149	155	147	140	148	155	152	145	143	143	145	145	146	148	148	144	142	141	141	143	151	147	147	145	145	144	140	138	135	136	134	132	133	133	136	147	150	149	149	149	150	152	152	150	147	142	141	144	146	148	148	144	140	51	0	26	89	74	68	72	75	72	71	71	75	86	90	88	85	84	85	83	80	78	71	88	81	79	78	78	76	74	74	75	75	74	73	72	72	73	74	76	72	70	73	74	75	77	76	79	76	71	71	73	73	81	81	84	79	80	80	86	88	93	6
5	2	0	0	0	0	0	0	0	0	0	0	0	0	0	0	0	0	0	5	12	16	18	18	16	14	16	12	9	7	15	18	27	35	32	32	36	34	37	38	24	20	19	25	22	21	19	20	19	23	23	28	44	45	34	30	34	37	35	35	39	40	38	36	36	36	35	40	39	41	43	43	45	42	37	35	36	37	35	36	37	41	50	53	50	50	50	51	53	53	51	46	41	39	39	41	46	48	49	37	19	2	0	0	0	0	0	0	0	0	0	0	0	0	0	0	0	0	0	0	0	0	0	0	0	0	0	0	0	0	0	0	0	0	0	0	0	0	0	0	0	0	0	0	0	0	0	0	0	0	0	0	0	0	0	0	0	0	0	0	0	0
11	29	42	47	45	45	45	47	49	51	53	54	57	58	60	60	59	57	53	54	58	59	59	58	58	59	62	64	54	32	17	10	9	20	20	21	15	12	16	5	0	0	0	0	0	0	0	0	0	0	8	11	30	35	26	21	26	28	30	31	35	36	35	33	34	32	29	31	32	36	41	39	44	46	50	50	52	55	56	59	60	60	65	65	64	62	62	64	65	65	60	58	53	49	48	49	52	55	55	43	26	14	29	35	39	45	47	49	45	45	47	48	52	55	56	58	56	56	56	54	54	52	49	47	45	43	43	41	41	41	45	47	50	48	51	51	50	50	51	48	48	48	48	46	45	46	49	47	43	39	39	43	56	61	59	51	52	47	50	52	44	26
21	134	180	194	192	192	192	192	196	197	198	200	203	204	204	204	203	200	203	201	201	201	199	199	198	202	205	203	183	94	22	24	38	37	41	49	49	43	41	35	70	142	122	116	127	129	134	129	135	139	149	140	156	163	157	158	162	159	160	162	167	166	166	165	164	161	161	161	161	166	172	166	174	179	179	180	182	184	187	190	194	192	192	192	190	189	189	189	190	190	187	187	185	180	178	179	181	184	186	172	77	27	87	171	183	193	201	202	201	201	201	200	194	195	203	207	205	205	205	203	203	202	202	200	198	198	196	196	195	196	198	201	202	202	202	201	202	202	201	201	202	202	201	201	201	202	202	203	202	197	194	197	205	208	205	197	196	195	192	197	182	81
32	153	204	221	221	221	221	221	225	227	229	231	233	233	233	233	231	231	230	230	231	232	234	233	232	233	238	223	205	104	23	22	49	44	45	42	35	40	46	26	44	120	91	83	94	101	11	39	108	115	144	127	148	158	156	157	161	157	161	165	172	170	171	171	170	170	175	174	175	179	187	179	189	196	204	202	203	203	206	209	214	214	219	221	219	217	217	217	219	217	213	213	210	205	201	200	204	204	198	185	81	38	103	210	224	228	233	235	236	238	244	240	229	225	228	230	230	230	230	228	228	228	229	229	227	227	227	227	227	227	231	232	231	231	232	232	232	232	233	233	233	233	232	232	230	230	229	232	233	232	231	231	234	235	228	233	224	224	226	215	206	93
35	163	218	235	237	235	237	237	239	241	241	244	246	245	247	246	247	247	246	247	249	250	252	250	245	245	250	239	213	108	23	18	42	38	38	40	37	41	48	26	38	106	76	58	26	82	4	45	72	71	133	118	148	161	159	160	165	164	159	166	173	175	175	178	177	177	182	182	184	186	196	188	201	209	215	214	212	212	213	219	224	228	233	236	235	233	233	233	233	231	226	224	219	212	207	205	208	207	207	188	84	43	113	213	237	250	248	250	252	255	255	255	247	241	243	244	244	244	244	244	243	243	244	244	244	244	244	244	244	244	247	247	246	247	246	249	249	250	249	249	249	249	249	248	247	247	246	246	248	248	248	248	251	250	244	244	242	237	241	226	214	109
43	166	220	237	239	237	239	239	241	243	243	245	248	248	250	248	248	249	248	249	247	247	246	241	236	234	238	237	210	104	20	15	45	46	40	43	45	45	45	23	37	101	66	73	0	0	0	0	0	0	130	109	145	161	164	164	167	165	162	168	176	180	181	184	183	185	185	184	185	185	196	189	205	213	217	215	209	208	209	215	221	226	235	238	236	235	235	235	235	233	228	226	221	213	205	204	206	205	206	191	82	39	119	217	237	250	251	251	254	255	255	255	248	242	243	245	245	245	245	245	245	245	247	247	247	247	247	247	247	247	247	245	244	246	246	247	248	248	247	247	247	247	248	249	249	247	245	245	249	251	249	249	251	249	249	243	248	245	243	235	212	96
43	170	221	237	237	237	237	239	241	243	243	246	248	249	248	248	247	247	248	248	246	246	245	242	236	237	241	236	213	109	19	9	44	39	42	41	40	43	46	25	36	100	69	73	103	72	0	0	90	126	135	109	145	162	170	168	168	165	161	167	177	178	181	183	183	183	187	188	187	185	199	190	208	216	221	217	211	208	209	215	222	225	236	240	238	236	236	236	236	233	226	224	218	209	204	203	204	203	206	191	82	36	110	217	240	251	248	250	253	255	255	255	245	241	244	245	247	245	248	247	247	247	247	247	248	248	248	248	248	247	245	245	245	245	246	246	246	246	248	247	246	246	247	247	246	242	239	240	247	251	248	248	251	249	245	252	247	250	247	237	212	104
43	172	220	235	235	235	235	235	237	239	240	241	243	245	245	245	243	243	245	247	248	249	249	248	242	240	248	234	218	108	16	8	32	37	35	42	39	36	44	24	37	106	79	77	90	0	26	0	0	120	129	111	146	166	171	170	166	168	162	167	174	178	182	184	184	183	185	185	183	185	194	191	207	218	221	220	213	209	213	219	226	231	236	240	238	236	236	236	236	233	227	225	219	209	203	201	202	202	201	184	74	33	113	216	239	250	253	255	255	255	254	250	243	241	245	247	248	247	248	248	248	248	247	247	247	247	247	247	247	247	245	243	245	244	246	246	246	246	247	247	247	247	247	247	246	244	239	240	247	251	249	249	249	249	247	249	251	252	250	238	211	100
47	166	221	237	235	235	235	235	237	239	240	241	243	243	245	243	243	243	245	245	248	248	251	248	241	241	249	243	221	106	21	16	34	34	37	31	37	42	42	26	38	101	80	86	88	8	103	83	19	119	135	113	150	163	167	177	170	165	163	166	174	176	179	183	183	182	182	183	183	185	195	192	208	216	221	221	215	213	216	222	226	231	236	238	236	235	235	235	235	233	226	225	219	212	205	203	204	202	200	182	72	34	112	216	240	253	255	255	255	255	250	247	241	241	247	248	248	248	248	248	248	247	247	247	247	245	247	245	245	245	245	245	245	247	246	247	247	247	247	247	247	247	247	247	247	244	239	240	247	251	249	249	249	247	247	247	251	253	249	236	210	99
43	173	224	242	240	240	240	240	242	244	243	245	245	245	247	245	245	245	246	246	249	249	248	245	238	238	244	240	221	119	36	26	42	40	41	36	42	46	40	19	30	103	88	79	85	86	92	89	83	104	129	115	154	173	170	175	170	172	167	168	174	176	177	179	180	181	183	184	184	186	195	191	204	209	213	213	210	209	211	216	220	223	233	236	235	233	233	233	233	231	223	221	218	212	206	206	206	206	207	192	81	38	115	216	239	252	255	255	255	253	246	243	243	245	247	248	248	248	247	247	247	247	247	245	245	243	245	243	243	243	247	247	247	248	247	249	249	249	249	249	249	249	249	247	247	246	242	244	249	251	249	247	247	247	246	246	249	249	246	232	207	95
43	177	227	245	245	243	243	243	245	247	247	248	250	250	250	248	248	247	247	247	249	249	248	244	239	241	249	241	225	120	27	8	24	12	14	17	18	17	14	3	38	124	108	107	112	107	101	94	94	120	150	154	173	187	193	198	192	191	188	189	194	195	196	198	201	200	201	202	203	204	212	208	218	221	226	226	222	223	223	227	230	233	235	236	235	233	233	233	235	231	229	228	223	219	214	214	216	216	215	199	86	45	120	218	239	248	255	255	255	251	244	242	245	247	248	250	250	250	248	248	248	248	247	247	245	245	245	245	245	245	248	249	249	249	251	251	251	251	251	251	251	251	251	249	249	247	246	247	253	253	249	247	249	247	247	247	249	246	245	231	204	95
44	178	231	251	251	249	249	249	251	251	253	255	255	255	255	255	255	251	246	246	250	248	246	243	243	246	253	244	223	105	10	48	116	103	100	105	112	111	96	110	87	0	8	11	18	12	11	3	3	17	86	168	204	210	209	209	217	214	211	211	216	216	219	221	225	225	219	220	221	223	232	228	237	239	241	241	237	237	238	239	243	242	243	239	237	235	235	235	237	235	227	225	221	215	213	213	214	217	217	202	88	46	122	219	236	246	247	249	249	247	242	242	247	249	251	251	251	251	251	251	249	249	249	249	249	249	249	249	249	249	251	253	255	254	254	254	254	254	254	254	254	254	252	252	252	250	250	252	255	254	250	248	250	250	250	250	250	248	246	233	207	98
51	177	234	254	254	252	252	250	252	254	255	255	255	255	255	255	254	252	248	248	254	254	250	248	248	250	255	244	221	101	0	25	96	73	81	90	48	53	80	94	90	19	28	45	43	46	42	33	38	53	111	205	220	225	229	229	237	232	232	232	236	235	238	240	244	245	236	237	238	240	250	244	251	252	255	252	251	250	252	252	255	254	246	241	239	237	237	237	239	237	236	233	227	224	221	223	224	227	221	205	89	46	122	219	235	243	246	246	247	247	244	246	251	253	253	251	253	253	253	253	251	251	250	250	250	250	252	252	252	252	252	254	254	254	254	254	254	254	254	254	254	254	252	252	252	252	252	254	255	254	248	248	250	252	251	252	252	251	247	237	212	101
50	184	234	252	250	248	248	248	250	250	252	252	254	254	252	252	250	248	249	251	255	255	255	255	251	251	250	235	213	102	1	29	99	83	98	110	1	17	111	120	83	5	26	25	45	46	42	50	36	56	112	201	219	229	228	223	231	234	231	231	234	235	235	239	244	245	238	237	241	242	250	243	248	246	248	247	247	248	249	249	250	249	246	241	239	237	237	239	241	239	237	233	229	226	225	227	230	230	228	208	89	44	122	219	237	245	246	247	249	251	249	251	255	255	253	249	251	251	251	251	253	253	252	252	252	252	254	254	254	254	252	252	252	252	252	252	252	252	252	252	250	250	250	248	248	248	252	252	252	250	245	245	250	252	254	254	254	253	251	240	217	105
50	180	234	252	250	250	248	248	248	250	250	250	252	252	250	250	248	248	246	252	255	255	255	254	250	248	247	240	210	97	2	34	98	79	0	4	4	26	0	1	81	4	25	34	41	47	46	43	48	64	118	199	222	227	224	226	230	228	231	231	232	233	234	236	241	242	234	236	239	241	249	242	247	244	247	246	249	250	249	248	251	249	244	241	237	237	237	239	243	241	237	235	230	229	231	231	235	235	229	206	85	41	117	216	237	247	247	249	253	255	253	253	255	255	253	251	251	251	251	251	253	253	252	252	254	254	254	254	254	254	252	250	250	250	252	252	252	250	250	250	250	250	250	250	250	250	252	252	250	248	243	245	250	252	254	254	254	254	250	240	218	106
45	176	232	254	254	252	252	252	252	252	252	252	250	250	250	250	248	248	246	252	255	255	255	252	246	245	248	237	215	101	4	31	87	74	26	4	0	0	3	60	85	0	32	47	48	47	43	41	45	62	106	204	227	234	231	225	226	221	232	235	234	231	234	230	241	236	235	235	232	240	245	239	245	246	246	250	250	248	251	249	250	251	243	237	237	237	239	241	243	243	238	236	232	229	228	231	236	235	230	202	81	37	112	212	237	244	249	253	255	255	255	255	255	255	253	253	253	251	251	249	251	253	252	254	254	254	252	252	252	252	254	252	250	250	254	254	250	250	251	252	253	254	253	253	255	255	254	252	250	248	245	245	250	254	254	254	254	249	245	235	213	101
43	172	233	255	255	255	255	253	253	253	252	252	252	250	252	250	250	248	248	252	255	255	254	248	243	243	244	236	219	107	9	37	92	78	99	15	0	0	38	128	77	7	34	48	45	43	39	39	43	60	116	196	225	241	237	227	221	227	230	236	234	235	237	237	240	240	240	239	238	239	243	239	248	247	246	250	248	250	252	250	251	250	244	238	236	238	240	242	244	244	238	235	230	226	225	230	235	235	235	208	86	40	112	211	235	245	247	253	255	255	255	253	253	253	253	253	253	251	249	249	251	251	252	254	254	254	252	252	250	252	254	254	250	250	254	254	250	248	250	251	254	254	252	252	255	255	255	255	253	249	246	246	252	255	255	254	254	251	245	235	213	101
43	170	229	251	251	251	251	251	251	251	254	254	254	252	254	252	252	250	250	252	255	254	246	241	239	241	250	239	221	106	9	36	96	77	76	0	72	53	0	106	86	10	37	46	40	39	42	46	48	65	114	202	236	242	230	232	222	220	234	238	236	235	241	246	245	251	252	253	251	247	247	240	248	244	247	246	245	246	251	248	249	248	241	237	235	237	239	241	243	241	237	233	228	223	224	227	232	233	230	208	88	43	116	215	237	245	246	247	253	253	249	249	249	251	251	251	251	249	249	247	249	251	252	252	254	254	252	252	250	252	254	252	248	248	254	254	250	248	250	253	255	255	248	248	251	255	254	254	253	249	247	247	253	255	255	255	255	254	252	240	218	105
54	165	230	251	251	251	249	251	251	253	254	254	254	254	255	254	254	252	250	250	254	254	248	245	245	248	251	243	223	109	6	38	102	78	88	83	103	100	78	108	89	18	34	39	32	30	39	43	43	62	119	199	219	234	232	236	229	233	233	241	245	244	247	251	243	245	246	246	250	246	251	244	251	249	248	247	244	246	246	244	245	247	243	239	237	237	239	241	243	241	237	232	225	222	223	225	228	229	229	210	92	46	122	218	237	245	247	246	249	249	246	246	247	249	249	249	249	247	247	247	249	249	250	252	254	254	252	252	250	250	252	252	248	248	254	254	250	248	251	253	255	253	245	243	245	249	252	254	253	251	247	248	255	255	255	255	255	254	253	242	219	106
41	170	226	247	245	245	245	245	247	249	252	254	255	255	255	255	255	254	250	250	254	255	255	255	255	255	255	250	218	97	0	23	95	75	80	77	80	79	77	98	94	17	36	38	29	29	38	41	41	59	109	198	217	230	232	231	231	235	239	244	246	242	247	246	241	239	236	234	244	244	249	245	249	251	255	254	253	252	246	242	243	244	244	244	242	242	244	245	245	244	237	234	226	223	221	223	226	223	210	194	84	44	122	221	240	249	248	247	247	246	244	244	246	248	247	247	247	246	246	246	247	249	250	252	254	254	252	252	250	250	252	250	246	248	254	254	252	250	249	250	252	247	240	237	238	240	245	245	245	244	241	244	250	254	255	255	255	253	251	240	217	104
43	165	220	238	238	236	238	238	239	243	247	249	251	253	253	253	253	251	247	247	251	255	255	255	255	255	255	245	213	96	1	40	119	108	105	115	93	106	101	133	122	47	63	65	56	56	65	67	67	74	112	173	192	197	202	208	213	210	214	214	219	234	237	234	230	226	223	223	226	226	224	223	218	217	215	215	215	213	208	207	209	210	221	223	221	221	223	223	223	221	215	211	205	201	199	201	204	201	194	180	74	39	122	224	244	253	251	249	247	245	244	244	245	247	246	246	246	244	246	246	246	247	248	250	254	254	252	252	252	250	252	250	246	246	252	254	252	250	250	250	250	246	240	236	234	236	236	237	237	238	235	239	245	246	251	253	253	250	248	237	214	102
37	169	216	231	231	229	231	231	234	238	234	238	241	243	243	243	241	241	241	241	243	245	245	245	245	245	246	236	209	104	19	51	122	112	119	114	125	122	120	143	166	170	185	190	183	181	187	189	189	178	143	100	90	93	95	91	87	86	81	92	118	191	212	220	219	217	223	225	221	211	200	206	191	185	181	179	183	183	183	189	191	191	195	203	201	199	201	201	201	199	192	190	185	182	180	179	183	187	191	181	72	33	118	223	245	255	255	255	250	246	246	244	245	246	246	246	246	244	246	246	248	249	248	250	254	254	254	252	252	252	252	250	246	246	252	254	252	250	252	251	251	248	240	238	235	232	236	236	237	236	234	238	242	245	245	248	249	247	245	233	210	100
35	168	212	225	225	223	225	227	230	234	230	235	239	241	241	239	239	239	239	241	241	241	241	241	239	239	242	231	203	104	27	66	149	146	141	148	151	154	149	168	201	208	224	231	226	226	228	228	226	208	153	70	68	60	53	52	47	46	45	52	75	179	198	215	213	217	217	220	208	193	173	184	164	151	142	141	146	149	150	159	162	159	175	184	183	181	183	183	183	179	175	172	168	165	161	161	165	172	175	168	60	23	112	221	246	255	255	255	252	248	246	245	246	246	247	245	245	245	245	245	247	249	248	250	252	254	254	254	252	252	253	251	247	247	253	253	251	251	252	250	248	247	239	235	234	230	232	231	231	231	230	232	236	239	242	243	245	243	242	230	208	98
35	166	211	225	223	221	223	225	228	234	233	238	241	242	242	243	241	241	241	242	242	242	244	244	242	242	242	230	207	104	27	71	157	157	155	157	166	167	163	177	199	205	223	231	230	230	228	228	228	210	157	76	62	52	54	51	49	46	43	51	81	182	206	218	216	215	215	214	208	192	170	177	156	140	134	133	135	140	142	150	155	155	174	184	183	183	183	183	183	179	172	173	166	161	158	160	163	163	161	157	51	18	108	216	245	255	255	255	252	247	245	246	247	246	244	242	242	242	242	244	246	248	248	250	252	254	254	254	252	252	252	250	246	246	251	253	251	249	251	251	248	243	238	231	226	226	226	226	226	226	224	226	231	234	239	239	242	243	239	228	208	95
37	163	209	221	219	219	219	221	227	232	231	238	241	242	244	243	241	241	244	244	242	244	246	246	244	244	246	233	209	106	27	73	162	164	162	164	171	171	168	181	199	205	223	231	231	231	231	230	230	214	159	76	59	46	50	47	46	44	41	51	83	183	206	220	216	215	215	212	208	194	169	174	150	134	131	129	132	136	139	146	151	151	172	184	184	183	183	183	183	179	172	171	166	159	158	158	161	161	156	151	50	16	107	213	241	255	255	255	250	245	245	246	247	246	244	242	242	242	242	242	244	248	246	250	252	254	254	254	252	252	252	250	246	246	251	251	249	249	251	249	246	241	236	229	225	222	222	222	222	222	222	226	229	234	239	239	242	243	239	228	208	95
34	162	207	218	216	214	214	218	223	228	229	234	239	241	242	242	237	239	246	248	244	242	244	242	241	242	248	237	214	109	28	73	162	166	166	167	169	169	167	181	201	207	221	230	231	233	235	235	235	217	161	74	54	41	45	44	42	40	38	49	81	182	204	218	214	215	215	215	212	198	172	176	150	134	131	131	133	138	141	148	153	153	174	184	184	184	184	184	184	181	174	173	168	161	158	158	161	161	157	155	53	19	107	211	236	250	254	252	246	242	243	244	245	246	244	242	241	241	241	242	244	248	246	250	252	254	254	254	252	252	254	252	247	246	249	251	249	247	249	249	246	241	234	227	223	222	222	224	224	224	224	226	233	236	241	242	245	244	241	230	210	97
34	166	207	219	216	214	214	218	223	230	229	236	241	242	244	243	239	241	248	248	244	242	242	242	239	241	248	241	218	111	28	71	162	166	166	167	166	166	165	181	201	205	219	228	231	233	235	235	237	217	163	76	52	39	43	42	42	40	39	49	83	182	204	216	214	215	217	215	215	201	174	177	150	134	131	133	135	140	141	148	153	153	172	184	184	183	183	183	184	179	174	173	166	159	157	157	159	161	159	158	59	23	107	209	232	246	250	250	245	240	243	244	245	244	242	242	241	241	241	242	244	248	246	250	252	254	254	254	252	254	255	252	247	246	249	249	247	247	249	249	246	241	234	227	221	222	224	224	226	226	226	228	235	238	243	244	247	246	242	232	211	99
34	161	211	225	221	219	218	221	227	234	234	242	246	248	249	249	244	242	246	246	244	242	244	242	239	241	248	241	218	111	27	67	160	162	162	162	160	159	161	179	199	203	215	224	230	231	231	231	231	215	165	77	52	39	43	44	44	42	43	54	88	185	204	216	216	217	215	215	215	203	176	177	150	134	131	133	137	142	141	146	151	151	170	181	181	181	181	181	183	177	172	171	164	157	155	155	157	159	161	162	64	28	108	209	232	246	252	252	245	242	245	244	243	242	242	242	241	241	242	242	244	248	246	250	252	254	254	254	252	254	255	254	247	246	247	249	247	247	249	249	248	243	236	227	221	222	224	226	227	227	227	230	235	240	244	244	247	248	244	234	213	99
37	165	212	225	221	219	218	221	227	234	234	243	248	249	249	249	244	242	242	242	242	242	246	244	239	239	246	239	216	109	23	66	159	162	160	160	160	160	165	181	201	203	217	226	231	233	231	230	230	214	163	77	52	37	41	42	42	42	45	56	90	187	204	215	216	217	214	214	217	203	176	177	150	134	133	134	139	142	141	146	151	151	170	181	181	179	181	181	181	177	170	169	163	157	155	155	157	159	159	162	66	30	108	209	232	248	255	255	250	245	246	246	243	242	242	242	242	241	242	242	246	248	246	250	252	254	254	254	252	254	255	254	247	246	247	247	246	246	247	249	248	243	236	229	223	222	224	226	226	226	227	230	235	238	244	244	247	248	242	234	211	99
34	163	209	221	218	216	214	218	223	230	231	240	244	246	246	243	241	237	237	237	239	244	248	248	239	237	244	235	212	106	19	64	159	162	160	162	166	169	172	188	204	207	223	233	238	238	233	230	228	212	161	74	48	34	38	38	40	40	43	56	88	185	200	211	213	214	214	214	217	205	177	179	152	134	134	136	139	143	142	148	151	151	170	181	181	181	183	183	183	179	172	171	164	159	157	157	159	159	157	158	64	28	110	211	236	252	255	255	255	251	250	247	241	241	242	242	242	242	242	242	246	248	246	250	252	254	254	254	252	254	255	255	249	246	247	247	246	246	247	249	248	243	238	229	223	222	222	224	224	224	226	228	233	236	243	242	245	246	241	232	210	97
38	164	212	225	221	219	219	221	225	232	233	238	244	246	244	243	239	237	235	237	239	241	246	244	237	235	239	230	207	102	19	66	164	167	167	167	173	176	177	193	208	210	228	237	242	240	235	231	230	215	172	90	68	55	59	58	58	58	61	69	92	178	184	192	191	194	196	196	196	189	176	192	179	170	170	170	172	175	174	178	179	172	184	190	190	190	191	191	191	188	181	180	175	168	167	167	168	168	164	164	64	28	108	209	232	246	254	255	250	245	246	242	238	237	241	241	241	239	239	239	242	244	245	248	252	254	254	252	250	252	254	254	249	246	247	247	246	247	249	249	248	243	239	234	228	227	227	227	227	227	227	230	235	240	243	244	247	246	242	232	210	97
35	163	217	231	230	228	228	228	231	237	238	241	244	246	244	242	241	241	241	242	241	240	238	236	235	235	234	227	206	101	19	66	164	173	174	173	174	173	174	190	210	215	229	238	242	240	236	233	231	224	203	187	169	160	162	161	155	154	153	152	156	101	100	92	91	96	98	98	93	97	106	181	198	204	205	201	202	202	205	203	198	204	200	198	198	197	198	198	200	197	189	188	183	175	174	174	176	177	172	163	66	29	108	208	224	233	237	239	239	239	239	237	232	232	238	240	236	235	235	235	237	241	244	247	251	253	253	251	247	247	249	249	247	247	249	249	249	249	251	250	246	244	241	236	232	232	233	232	232	232	231	234	240	243	245	247	249	247	245	233	210	99
37	173	219	235	235	233	231	233	236	238	240	242	246	246	246	244	242	242	241	243	239	236	233	231	233	234	232	223	205	101	21	70	171	180	181	179	177	175	175	190	213	218	233	240	244	244	240	236	236	229	227	220	210	206	206	204	201	201	201	190	169	86	63	50	48	51	55	55	53	63	88	179	213	228	233	230	228	225	226	225	218	218	213	206	206	204	206	206	208	204	196	195	190	182	182	182	184	185	180	170	69	28	109	208	223	229	230	232	234	236	237	236	232	232	236	237	236	232	230	231	235	240	242	247	251	251	251	249	246	246	247	247	247	247	249	249	251	251	251	250	246	244	243	240	235	236	237	236	236	237	236	236	243	245	247	248	250	247	246	235	212	100
40	164	219	235	235	233	233	233	236	240	242	242	246	246	246	244	244	242	240	238	235	233	229	229	231	234	233	225	206	104	25	73	174	184	183	182	181	178	179	193	215	220	235	243	246	244	243	239	239	232	224	221	216	214	216	215	214	216	211	202	177	82	52	43	42	39	42	45	48	62	92	185	222	241	248	248	243	237	235	230	226	228	217	209	209	209	210	210	212	209	200	200	195	187	186	186	188	188	181	172	69	32	111	213	228	235	234	236	237	237	239	237	234	234	237	236	234	232	230	232	236	240	240	246	249	251	251	249	246	246	247	247	247	247	249	249	251	251	251	250	246	244	243	240	235	236	236	236	235	236	236	238	242	244	247	247	249	247	244	232	211	99
37	168	219	236	235	233	233	235	238	240	242	244	246	248	246	246	246	242	238	236	235	231	230	229	232	234	235	228	208	106	27	77	177	186	184	183	181	181	179	195	215	223	235	243	246	246	244	243	241	234	222	219	214	212	213	213	214	217	211	208	181	84	53	42	40	37	39	41	48	62	94	188	225	247	255	255	251	243	239	233	231	231	217	210	209	209	210	210	212	209	201	201	195	188	186	187	189	190	186	174	71	32	111	212	227	236	236	236	237	239	239	239	236	234	236	236	233	233	230	232	236	241	240	246	249	251	249	247	247	246	247	247	247	247	249	249	251	251	251	250	246	244	243	240	235	236	236	236	235	236	235	237	242	244	247	247	249	247	244	232	211	99
37	169	220	237	236	236	236	236	239	243	242	244	246	248	248	246	246	244	241	238	236	234	232	230	232	234	233	226	206	106	27	77	177	186	184	183	182	181	179	196	216	223	235	243	246	246	244	243	243	235	226	221	216	210	213	214	214	216	216	207	178	81	50	39	41	39	33	33	38	55	85	180	217	239	248	248	245	240	235	230	227	228	216	207	205	205	207	207	207	203	197	196	191	183	182	182	185	188	187	175	71	30	109	210	227	233	236	236	237	237	237	237	236	234	234	234	232	230	230	232	236	240	240	244	247	249	249	247	247	246	247	247	247	247	247	247	249	249	251	250	246	244	243	240	237	237	238	238	238	236	236	238	242	244	247	247	249	247	244	232	209	99
41	162	219	236	235	235	235	236	238	242	242	242	246	246	248	246	246	244	242	240	238	236	234	232	234	234	231	224	205	102	25	75	175	186	183	181	181	179	179	193	215	221	234	241	243	244	243	241	241	235	229	223	214	208	210	213	214	215	214	205	174	80	50	39	43	42	34	31	38	54	87	182	219	240	247	247	247	242	241	236	231	231	216	205	205	205	207	207	207	203	197	196	191	183	182	182	185	186	186	174	68	27	106	207	224	232	234	236	236	236	236	236	234	232	234	234	232	230	230	232	235	240	240	244	247	249	249	249	247	246	247	247	247	247	247	247	249	249	251	250	246	244	243	240	237	237	239	238	238	238	237	238	242	246	247	247	250	247	244	232	209	98
37	172	219	236	236	236	236	238	240	242	242	242	244	244	246	244	244	244	244	243	242	239	236	234	234	232	229	223	201	99	21	71	174	183	181	179	179	178	179	193	213	220	230	237	239	241	239	239	239	235	231	229	220	211	212	213	214	214	213	203	176	81	51	40	43	39	38	37	38	56	91	188	225	242	245	246	248	248	250	246	237	234	220	210	210	208	210	210	211	208	200	201	196	188	187	187	188	189	186	172	66	23	102	204	221	230	232	232	232	232	232	232	230	230	232	234	232	232	232	234	236	240	240	244	246	247	249	249	247	247	247	247	247	247	247	247	249	249	249	250	246	244	244	242	237	237	238	240	240	238	237	238	242	246	247	249	249	247	244	232	209	98
37	168	219	236	236	236	238	238	240	240	240	241	241	242	242	242	242	242	244	243	242	239	236	234	232	230	228	219	199	97	19	71	174	184	183	181	184	181	181	195	216	220	230	235	239	239	239	239	239	237	233	231	221	212	212	214	214	213	209	200	174	77	50	44	47	44	40	40	45	61	94	190	224	240	242	243	248	248	252	248	239	236	219	210	209	209	210	210	212	209	201	200	196	188	188	188	188	191	189	175	66	23	100	201	220	228	232	232	232	230	232	230	230	232	234	236	234	234	236	236	239	242	240	244	246	247	249	249	247	247	247	247	247	247	247	247	249	249	249	250	246	244	244	242	237	239	240	240	239	240	236	238	242	246	247	249	249	247	244	232	209	98
38	165	217	235	236	236	238	238	238	238	238	237	237	237	239	239	241	241	241	240	238	236	232	230	229	227	224	215	198	95	19	74	175	189	188	186	188	185	186	200	219	222	232	237	239	241	241	241	243	239	233	227	213	210	210	215	214	214	208	196	175	81	55	46	47	44	41	42	46	66	97	191	225	240	241	243	245	241	248	243	232	230	219	210	209	209	210	210	212	209	202	200	196	189	188	189	191	192	194	181	69	25	100	202	223	231	236	236	234	232	234	234	234	236	237	237	237	237	237	239	243	245	242	244	246	247	249	249	249	249	249	249	247	246	246	246	249	249	251	249	247	248	246	244	240	240	241	243	242	241	238	239	244	247	247	249	249	247	244	232	209	98
41	166	217	235	236	236	238	238	238	236	234	234	234	234	234	235	235	235	232	233	231	229	228	223	222	223	219	212	198	96	23	79	181	197	196	194	195	194	192	206	226	229	235	241	243	243	244	244	246	239	219	213	196	189	188	192	191	191	188	180	170	93	77	73	73	71	65	74	79	86	110	181	210	212	215	218	217	213	218	215	211	227	221	217	216	216	217	217	219	216	210	207	204	198	194	195	198	199	199	187	75	29	104	206	227	236	241	241	239	237	237	237	239	239	241	241	241	241	241	243	245	246	244	246	247	247	249	249	249	249	249	249	249	246	246	246	248	249	251	251	249	247	245	243	242	242	242	242	244	242	240	241	246	248	249	250	250	247	244	232	209	99
37	170	217	235	236	236	236	236	236	235	235	233	233	233	233	235	235	233	228	226	227	225	224	220	220	220	219	216	200	101	28	84	186	201	200	199	199	197	194	209	229	232	240	245	245	245	247	247	250	234	211	206	183	169	167	166	163	166	168	174	185	139	148	158	165	167	165	164	164	159	151	136	131	125	126	127	125	124	130	132	147	196	220	226	226	226	226	227	229	226	218	216	211	205	203	204	207	206	203	189	79	35	109	209	230	242	246	246	242	242	241	241	242	242	241	241	242	242	242	244	244	246	244	246	247	247	249	249	249	249	251	249	249	248	248	248	250	251	251	251	249	248	246	243	243	240	243	242	243	243	239	242	248	249	249	252	252	249	246	235	212	100
37	164	215	233	235	236	236	235	235	231	235	234	232	232	232	234	234	232	226	224	225	223	220	218	218	220	220	218	205	103	32	87	188	202	201	202	203	200	197	209	230	236	243	246	246	246	248	248	252	230	199	199	171	154	154	151	148	153	157	171	197	175	201	218	227	230	230	222	224	216	190	104	74	65	64	63	58	58	65	72	97	173	216	230	228	228	230	230	232	228	222	219	214	209	206	207	209	208	205	192	81	41	111	211	232	245	248	248	246	245	243	245	246	245	243	241	243	243	245	245	245	245	246	247	247	247	249	249	249	249	251	251	250	248	248	248	250	250	251	251	251	247	246	245	242	241	242	242	242	242	240	241	247	249	251	252	252	249	246	234	211	100
37	169	215	233	235	235	235	235	231	229	232	228	227	227	227	227	228	227	220	219	218	218	216	214	214	214	216	213	201	104	34	90	194	209	208	211	212	209	205	216	236	243	248	250	250	248	250	250	254	227	184	182	154	139	141	140	138	141	141	158	191	180	212	227	231	233	228	235	239	221	195	97	69	54	54	54	48	46	47	56	83	172	217	233	231	231	233	233	234	231	227	223	218	213	210	211	214	213	209	196	88	44	116	213	236	248	254	254	250	248	246	248	250	250	248	246	248	248	250	250	248	248	249	249	249	249	249	249	251	251	253	251	250	250	250	250	252	252	253	250	250	249	247	244	242	242	242	244	243	242	241	242	248	251	253	253	253	251	247	236	213	101
37	167	215	231	233	235	235	233	231	228	228	225	223	221	221	221	225	223	217	216	215	214	211	210	208	210	210	208	198	103	34	91	196	211	214	214	215	214	209	220	240	246	248	250	250	248	248	250	254	225	180	179	148	133	137	136	133	133	134	157	190	188	220	236	236	237	234	243	245	221	193	95	64	47	47	47	45	44	42	54	78	169	218	235	235	235	237	237	239	235	231	227	222	216	213	215	219	218	212	199	89	44	119	216	236	251	255	255	252	248	248	250	252	252	250	250	252	252	254	252	252	250	251	249	249	249	249	249	251	251	253	253	252	250	250	250	252	252	252	252	250	249	247	246	244	242	244	244	243	242	241	242	248	251	253	253	253	251	247	236	213	101
38	164	215	231	233	233	233	231	229	226	227	223	219	218	219	219	222	222	218	219	218	215	212	208	206	206	209	205	194	99	32	88	193	210	214	214	215	213	210	220	238	244	248	248	246	246	246	246	250	225	183	181	149	136	140	141	141	134	136	160	196	199	232	247	246	245	245	247	245	228	197	96	59	47	41	40	39	40	41	57	81	169	221	239	239	239	241	241	241	237	232	230	225	217	214	215	220	218	215	199	86	43	116	213	235	250	255	255	250	248	248	248	252	254	252	252	254	254	255	255	254	252	251	251	249	249	249	249	251	251	253	253	252	252	250	250	252	252	254	252	250	249	248	246	244	242	244	246	246	244	242	244	248	251	253	255	254	251	247	236	213	101
37	166	215	231	231	233	233	233	231	226	224	218	216	216	218	218	219	219	217	217	218	217	212	208	206	206	208	202	193	96	28	87	194	211	215	215	216	216	215	226	239	243	246	248	246	246	246	246	248	223	185	181	146	138	142	142	145	140	134	160	197	199	232	250	248	248	246	245	243	232	199	101	59	45	44	40	42	41	38	59	83	172	223	241	243	243	241	241	241	237	233	231	226	220	219	218	220	219	217	200	82	39	114	214	238	250	254	254	252	248	246	246	250	254	254	254	255	255	255	255	254	252	253	251	249	249	247	247	249	251	251	252	254	254	252	250	250	250	252	254	252	251	248	246	242	242	245	246	248	246	242	244	247	249	255	255	254	251	247	236	214	102
41	163	215	231	229	231	235	235	235	228	219	214	215	215	218	221	219	218	213	213	218	217	213	210	210	207	208	202	189	91	23	84	195	215	211	212	214	217	224	231	238	239	245	248	250	250	248	246	246	222	186	184	150	131	137	142	141	143	139	159	200	190	230	248	245	246	242	245	248	228	208	104	66	44	44	38	44	48	37	53	80	172	223	244	246	246	241	237	237	234	229	226	226	225	221	218	216	216	217	198	79	32	109	217	244	251	249	250	252	250	243	243	248	252	252	254	255	255	254	252	250	250	253	253	251	247	246	246	247	249	246	248	255	255	255	251	250	244	251	254	255	250	250	240	241	241	242	246	249	249	246	243	243	246	255	254	255	251	250	240	210	98
35	162	215	233	229	229	235	235	236	229	220	214	215	218	220	223	221	219	213	213	218	217	215	211	210	210	211	204	189	89	19	81	196	216	210	210	213	217	226	234	235	234	243	246	250	252	250	248	246	222	186	184	151	133	136	139	139	142	138	158	198	187	225	244	245	247	246	245	244	229	206	100	59	38	41	41	44	43	37	56	83	177	221	243	246	246	239	235	235	232	229	227	223	220	218	219	218	217	219	198	79	33	109	214	244	255	248	248	254	254	245	243	248	250	250	252	255	255	252	250	248	248	253	255	253	249	246	246	249	249	245	246	255	255	255	251	248	246	252	254	255	252	249	240	241	239	240	243	249	249	248	244	240	243	255	255	255	251	248	237	210	99
37	157	216	234	232	232	234	234	236	230	225	220	220	221	224	227	225	221	216	214	218	220	217	213	213	213	215	207	188	89	19	81	197	217	210	208	212	216	224	230	233	233	241	246	250	252	252	250	248	222	183	180	149	132	134	134	134	137	140	160	195	186	222	244	246	248	249	245	242	229	203	100	57	41	31	38	43	41	43	52	75	165	218	237	241	241	237	235	237	235	228	227	220	218	223	223	218	216	221	202	81	39	115	214	243	255	250	250	255	255	252	250	250	248	248	248	254	254	250	248	246	248	255	255	255	254	252	252	255	254	248	246	251	255	253	250	247	247	254	254	255	252	250	244	244	240	238	242	247	251	253	249	243	243	255	255	255	251	244	234	214	102
30	157	205	223	223	221	223	223	223	223	227	225	227	226	227	229	229	226	221	219	224	224	221	219	217	217	221	211	192	94	25	87	201	221	216	214	218	221	227	231	235	236	239	245	248	250	250	248	246	223	192	188	162	146	146	146	145	148	147	166	194	186	215	234	239	240	241	237	233	220	196	107	70	54	59	57	65	63	64	71	94	167	201	211	217	217	215	215	217	213	209	206	193	183	189	188	185	189	190	181	69	28	103	201	223	233	229	229	233	235	232	232	236	235	231	233	238	238	236	233	233	237	243	246	246	245	241	243	246	245	236	230	234	233	232	232	227	227	234	237	234	235	235	235	233	230	230	232	236	240	241	237	228	225	231	236	235	231	226	216	202	87
28	158	199	214	215	215	214	215	217	221	223	225	229	228	230	230	233	232	226	226	231	230	228	226	224	224	226	216	200	103	35	95	208	227	225	225	227	229	233	236	237	239	243	247	248	248	248	247	245	227	200	200	176	162	160	159	158	157	157	171	193	187	206	220	225	223	223	225	224	219	210	156	137	128	133	129	138	136	131	132	141	148	145	142	145	147	145	145	147	144	131	156	158	147	149	150	149	155	154	154	52	9	82	185	199	206	205	205	204	205	203	207	218	219	216	218	222	222	220	219	219	225	229	232	232	232	230	230	234	232	227	217	217	212	212	210	203	204	211	212	211	214	220	224	224	222	225	225	226	225	228	221	210	206	207	210	207	208	202	197	184	74
27	158	196	207	209	210	209	209	212	221	219	226	228	230	231	232	234	235	232	230	234	234	230	229	227	228	229	219	203	108	43	100	211	229	232	232	234	234	237	237	240	242	244	246	248	248	246	244	244	228	203	203	180	170	166	164	163	161	161	174	193	193	207	215	217	215	214	218	219	223	228	207	204	205	208	209	220	215	206	200	190	127	79	67	70	72	70	70	74	69	55	119	149	137	136	140	137	139	142	149	50	0	73	179	192	196	197	196	193	191	189	196	211	217	212	213	217	217	215	214	216	220	222	227	227	227	225	225	231	229	225	214	209	202	203	203	192	194	200	201	199	207	214	222	223	222	225	226	223	223	223	216	204	197	198	197	194	198	194	189	179	69
20	149	184	191	194	194	193	194	198	212	216	228	231	234	234	233	238	239	236	237	239	237	235	234	234	234	234	224	207	114	48	105	213	234	238	240	238	238	238	238	239	241	244	244	244	244	242	240	238	226	206	208	188	182	178	177	176	174	174	183	200	202	209	213	214	212	210	212	210	215	226	219	225	229	230	236	238	228	223	213	201	113	67	51	53	54	54	54	58	53	32	103	132	114	110	114	113	116	119	132	44	0	67	171	175	180	183	182	175	173	173	182	203	207	202	201	205	205	203	202	205	210	209	214	218	218	214	214	220	220	220	208	197	187	187	188	176	179	183	186	183	194	203	215	220	220	223	225	220	217	217	208	190	182	179	179	177	182	177	175	172	61
18	152	179	186	189	189	186	186	191	207	218	233	235	237	236	235	241	242	240	240	243	242	238	235	238	236	239	227	210	115	50	106	214	236	240	241	240	238	238	236	238	238	239	239	239	239	237	237	235	223	205	206	188	185	183	184	180	179	186	191	204	205	207	208	212	212	211	212	209	217	227	224	233	236	239	247	246	242	235	213	202	112	58	40	44	44	44	46	49	42	26	87	111	96	95	95	95	102	97	118	40	0	67	164	163	168	172	170	164	162	165	176	195	199	197	193	198	198	195	195	198	202	205	210	214	214	210	210	214	215	216	202	189	175	175	177	166	170	175	176	174	188	197	213	216	219	221	221	218	215	213	202	184	177	170	169	167	175	169	168	167	57
19	149	182	189	193	191	187	187	189	207	221	236	238	239	235	235	239	239	237	235	240	240	236	235	236	235	236	226	208	113	44	102	210	231	233	233	233	231	230	231	233	235	235	235	237	237	237	237	235	223	202	203	190	181	180	178	173	176	183	190	206	202	210	212	216	217	216	216	213	216	226	222	232	237	239	242	243	247	235	222	202	106	56	37	40	42	42	44	47	40	21	88	111	93	92	96	98	98	98	123	34	0	66	160	163	171	171	171	164	165	172	177	188	194	194	193	195	195	193	193	195	201	203	208	212	212	208	208	210	212	214	201	185	170	178	176	172	174	180	181	176	187	198	213	215	216	213	212	213	211	213	201	190	178	173	171	171	172	174	171	166	60
18	150	184	191	193	193	189	187	189	207	223	238	238	239	235	235	239	239	235	235	239	240	236	236	236	236	237	227	208	110	43	98	205	229	231	233	233	231	231	231	232	234	235	237	239	239	239	237	237	223	203	203	190	183	180	178	173	176	181	190	205	200	206	210	214	216	216	215	212	214	224	220	231	238	233	241	245	240	233	223	199	110	53	36	37	39	39	39	43	37	22	83	110	100	95	92	96	100	98	120	33	0	59	162	167	165	173	173	167	168	174	179	187	193	193	193	196	195	193	192	194	201	202	209	213	211	209	207	209	211	214	200	185	170	178	177	178	178	179	179	176	186	198	212	213	213	211	210	209	207	210	199	192	181	178	176	176	175	174	170	168	60
19	154	184	191	191	191	189	189	187	205	223	238	236	237	237	237	239	239	234	237	241	242	240	238	238	238	239	229	208	110	43	99	206	230	234	236	236	235	235	235	235	236	239	241	243	243	241	241	241	227	207	208	195	186	183	183	177	179	183	190	203	197	201	203	206	207	204	205	203	207	217	214	229	236	238	238	245	240	243	231	199	109	54	37	38	40	38	38	42	37	28	91	117	107	104	106	111	104	96	112	35	0	62	165	169	166	172	171	165	166	170	175	186	192	198	197	201	199	196	196	199	205	207	214	217	217	214	212	214	214	213	201	186	174	177	175	176	177	179	178	177	187	197	211	212	213	212	210	211	208	209	199	192	181	176	176	175	171	174	171	166	56
26	152	184	191	191	191	191	191	189	207	223	238	236	237	237	239	239	239	237	239	243	244	242	242	243	241	240	230	210	112	44	100	206	230	236	240	238	238	239	238	240	241	244	244	245	244	244	242	240	228	206	207	193	187	185	185	180	181	184	190	204	197	201	201	201	201	202	203	203	207	217	214	229	236	240	235	241	243	246	228	203	110	60	40	44	42	40	38	38	33	12	91	123	109	107	107	107	105	101	113	36	0	62	163	168	174	173	175	169	170	172	176	187	196	197	197	199	197	194	193	197	203	207	215	219	217	215	214	214	214	214	202	192	178	179	176	177	178	177	177	177	186	194	207	209	211	210	210	212	209	207	193	187	178	176	174	174	172	176	173	166	55
23	152	185	190	190	190	193	193	192	208	224	238	234	235	239	241	241	241	239	241	245	247	245	244	245	245	244	233	212	115	44	100	207	230	236	240	239	237	238	239	241	242	243	243	243	243	241	239	237	221	200	201	186	182	183	184	180	182	184	190	204	197	201	201	200	202	209	212	214	217	224	220	233	240	240	241	243	245	240	226	212	114	67	51	53	49	44	38	35	28	18	91	118	106	107	103	96	100	92	109	34	0	68	171	169	175	177	179	174	172	172	175	188	194	193	192	192	192	188	188	191	199	202	211	214	214	213	211	211	211	208	199	193	180	178	174	175	175	171	172	177	186	189	200	206	209	206	208	210	206	201	185	184	177	174	173	170	171	174	171	161	50
29	159	193	200	198	200	202	202	200	214	226	238	234	235	241	243	241	239	239	241	244	244	243	244	244	244	242	231	212	112	44	98	205	227	229	230	229	230	231	233	234	234	237	239	239	239	237	235	234	218	195	195	178	174	174	176	173	175	175	182	196	192	198	200	198	200	205	209	210	215	222	217	230	237	236	238	235	238	233	224	199	103	55	38	41	38	32	27	25	20	6	84	121	115	117	118	110	108	109	124	42	0	75	184	182	187	188	189	187	185	182	184	193	200	197	195	195	195	192	192	196	205	209	220	223	225	222	220	222	220	216	209	205	193	192	188	191	191	189	189	195	202	202	209	211	213	214	213	217	215	208	195	195	192	191	189	185	185	190	183	171	59
27	158	202	211	207	207	213	211	205	216	233	242	234	235	241	243	239	237	235	235	238	240	238	236	238	239	237	227	206	107	39	95	204	224	219	217	218	219	222	223	223	225	229	233	233	235	233	233	231	217	196	196	177	169	168	170	163	165	165	171	187	187	197	200	199	198	195	195	200	206	213	210	224	231	228	230	222	223	222	210	176	120	56	34	40	40	38	36	40	40	39	74	101	106	101	100	102	96	103	108	37	8	77	187	196	201	198	201	202	202	201	200	204	208	205	204	204	205	201	203	207	215	221	230	235	237	234	232	234	234	234	226	224	213	211	210	215	215	212	210	214	222	218	224	227	223	222	222	229	229	225	214	215	211	217	216	210	210	212	203	191	76
33	158	202	213	208	208	211	211	208	216	235	242	238	239	244	243	239	235	234	234	238	239	235	235	237	237	236	226	203	106	36	94	202	223	217	215	215	218	220	221	222	222	226	230	233	233	233	231	228	214	198	196	178	169	167	167	162	164	163	169	184	185	197	201	200	196	191	191	195	201	209	207	223	230	230	228	225	223	217	204	177	179	139	116	120	122	120	122	125	131	134	54	5	12	17	19	22	14	16	29	3	16	88	185	192	200	202	203	204	204	203	201	201	205	208	207	207	207	204	206	212	220	221	231	237	239	237	235	235	235	233	227	226	216	215	213	218	218	217	213	215	224	222	230	230	225	222	221	232	235	232	222	224	217	218	215	212	213	216	205	193	76
37	163	213	225	220	216	218	220	225	231	235	239	244	246	248	244	239	235	237	239	244	243	240	239	241	241	238	228	205	106	30	83	194	212	211	212	211	210	212	218	219	219	224	230	233	233	231	228	224	208	187	190	171	165	161	159	162	159	157	162	176	175	189	191	188	187	189	189	185	189	200	198	216	223	218	218	221	218	216	197	168	170	130	103	105	105	105	105	107	112	123	51	21	30	35	38	38	34	36	37	11	17	97	194	210	221	225	227	224	220	215	213	213	213	214	214	213	212	208	212	220	228	228	239	247	249	246	244	242	240	239	240	239	235	233	232	234	235	233	233	231	230	232	230	227	224	221	224	234	238	233	232	235	235	230	229	226	230	237	229	202	91
35	173	215	227	225	224	225	227	231	234	235	238	241	243	244	243	239	237	237	240	245	246	242	242	242	242	239	230	209	111	36	82	186	202	204	207	207	206	209	214	216	217	224	230	233	233	231	228	224	207	183	185	168	159	156	156	158	156	154	158	172	172	186	189	183	182	188	188	182	183	196	197	214	220	215	214	219	217	216	197	165	165	127	100	100	100	99	99	100	106	114	50	29	43	44	46	45	43	45	44	12	14	99	200	223	233	234	234	229	225	224	220	216	215	215	215	216	215	214	215	221	232	233	244	249	251	247	247	247	246	246	245	246	246	244	244	244	244	244	243	238	235	236	231	230	225	221	224	237	238	232	233	241	242	241	239	237	240	248	238	209	98
43	165	206	220	225	229	231	231	227	229	235	236	233	230	232	235	242	242	235	237	245	249	248	248	246	244	243	232	213	116	41	87	185	201	203	206	206	205	210	213	215	216	224	229	232	234	232	229	225	209	187	188	171	163	159	158	160	158	157	161	175	176	190	196	189	190	191	192	187	189	201	201	217	224	221	219	223	221	220	202	169	172	131	104	104	104	102	102	104	109	120	51	28	41	41	40	40	42	42	41	7	9	96	202	225	232	228	225	223	224	226	225	216	211	209	210	217	221	220	218	217	227	237	247	246	244	242	244	251	251	247	247	246	247	247	246	246	247	247	245	241	238	238	234	231	229	225	226	233	234	227	228	236	240	242	240	241	242	247	237	209	97
43	164	203	217	224	230	233	231	224	226	234	235	227	226	229	234	240	242	236	236	244	248	247	247	243	241	245	236	218	118	43	90	189	203	202	203	204	204	209	212	214	215	222	227	230	232	230	229	225	209	186	189	172	164	158	157	159	157	155	162	176	176	191	195	192	192	192	193	188	190	202	200	218	222	220	218	221	219	219	201	170	173	131	104	104	104	104	104	106	111	124	52	30	41	43	39	40	44	42	44	12	13	101	205	224	229	224	220	217	219	225	224	215	210	206	207	214	218	218	216	214	224	236	246	245	243	241	245	250	252	246	246	247	245	245	245	245	245	247	246	241	238	238	237	232	230	227	229	232	230	223	223	233	238	241	241	240	241	243	233	205	94
37	162	209	223	225	228	233	233	230	232	236	235	231	231	236	240	242	242	240	240	244	245	243	242	240	240	237	234	214	114	39	88	189	200	205	206	208	207	212	215	217	218	225	231	234	234	234	232	231	213	187	188	170	164	159	157	158	158	157	161	175	175	190	197	193	194	194	192	189	191	200	200	214	220	218	216	218	217	217	200	172	173	127	100	100	102	102	104	106	113	122	51	29	43	46	42	41	41	43	47	19	23	104	203	218	222	226	223	217	217	220	219	217	216	213	213	213	215	216	216	217	230	238	248	250	250	250	250	250	250	248	248	249	249	249	248	249	249	250	250	244	242	242	239	237	236	234	234	233	231	225	226	235	242	248	248	244	244	244	231	202	92
32	162	205	221	221	223	226	226	226	228	230	234	231	233	234	236	238	238	235	235	239	238	234	231	228	230	237	233	211	111	35	88	192	204	204	205	205	206	209	214	214	214	220	225	229	229	229	227	225	207	185	185	170	164	158	157	157	157	156	160	172	172	187	191	189	189	188	186	184	187	197	197	212	219	215	213	214	213	211	195	165	167	127	100	102	102	104	104	108	113	127	58	32	42	41	40	38	38	40	42	21	27	105	202	218	224	223	221	214	212	215	214	213	212	209	209	209	209	209	211	215	226	230	243	246	248	246	245	245	243	241	240	241	240	241	241	241	241	243	242	237	236	236	234	231	231	230	229	229	225	223	225	231	236	244	244	240	238	235	220	194	87
23	148	197	216	220	220	216	216	220	224	229	231	236	236	233	233	238	238	233	230	234	231	227	223	219	222	228	223	203	110	38	87	187	199	203	203	203	203	206	210	210	208	215	218	222	222	222	220	218	201	179	182	168	164	158	159	159	157	155	160	169	166	178	182	180	180	177	177	177	184	196	196	212	219	215	214	213	208	206	187	157	161	127	104	106	106	106	108	109	115	120	54	31	38	35	35	35	32	30	34	15	23	99	193	210	219	223	219	213	211	216	214	209	206	203	205	208	208	204	205	212	223	225	236	243	243	238	236	238	236	232	230	231	229	231	230	231	231	233	232	228	226	226	224	221	222	222	222	221	222	222	224	228	233	240	241	235	233	226	213	196	94
13	106	147	163	166	166	161	159	163	166	170	172	178	178	173	174	179	179	176	174	173	173	170	167	160	160	172	169	161	86	27	63	148	153	152	151	153	152	155	158	155	153	161	165	166	166	166	165	163	150	132	141	130	126	124	125	125	123	123	124	133	125	134	137	134	135	133	134	135	139	150	147	160	165	162	162	162	159	158	141	112	127	100	84	86	84	84	84	84	88	96	39	25	37	34	30	27	20	21	24	7	12	73	152	158	167	168	166	161	159	165	165	160	156	153	154	157	159	155	156	163	169	168	175	180	180	175	173	176	176	171	170	170	170	170	169	171	172	172	173	169	167	167	166	162	163	165	165	165	168	172	173	171	172	179	182	179	176	170	161	153	64
4	4	16	23	25	23	21	19	18	19	21	23	27	25	26	28	27	28	34	30	27	27	32	27	19	16	21	31	30	23	12	5	12	18	16	14	16	16	16	18	19	21	25	27	28	28	28	27	25	21	19	12	7	4	4	5	5	5	4	2	7	9	12	12	9	9	12	12	11	9	9	12	19	25	22	22	25	33	34	26	5	0	0	0	0	0	0	0	0	0	0	0	13	21	12	7	3	0	0	0	0	6	17	21	19	23	27	28	21	21	33	28	27	23	16	14	18	22	23	23	28	25	25	25	25	23	25	25	27	28	30	32	30	30	30	30	30	30	32	32	30	28	25	21	19	19	27	25	27	31	35	34	27	25	30	32	31	30	33	28	25	19
0	0	0	0	0	0	0	0	0	0	7	19	21	21	21	25	22	26	32	14	0	0	0	0	0	0	0	0	0	0	0	7	26	35	34	34	34	34	34	34	36	37	37	39	39	39	39	37	37	37	39	39	37	37	39	39	41	38	37	35	35	37	38	33	31	31	37	37	33	31	28	26	31	34	30	35	37	47	48	44	27	22	14	10	10	8	5	3	1	1	10	19	38	48	41	38	36	31	27	28	12	4	6	5	0	0	0	0	3	0	0	0	0	0	0	0	0	0	0	0	0	0	10	21	19	19	21	22	22	26	28	30	30	28	28	28	28	28	31	30	28	26	23	22	20	19	18	19	23	30	29	18	2	0	0	0	0	0	0	0	5	0
0	125	114	95	95	91	84	84	93	139	140	176	186	188	185	183	184	188	183	155	131	110	100	90	85	80	75	94	108	17	0	78	184	202	207	207	207	207	207	207	207	207	207	207	207	205	205	205	205	203	202	202	202	204	205	207	207	205	204	200	200	199	198	193	191	191	195	197	195	196	194	194	199	200	198	202	202	207	208	198	185	182	166	154	154	154	154	154	154	157	162	167	185	196	194	191	191	190	200	171	74	7	9	28	34	38	43	39	37	32	28	54	86	66	65	67	69	73	73	73	81	115	141	180	185	185	183	183	187	187	185	183	184	184	182	182	184	183	185	184	182	182	181	177	175	174	178	175	174	171	168	156	143	133	122	122	117	113	119	126	124	25
0	117	93	66	66	63	56	56	66	128	160	210	219	224	219	219	220	223	224	174	131	94	71	63	66	66	67	67	90	2	0	96	219	246	249	249	249	249	249	249	249	247	247	247	246	246	244	244	244	244	243	243	245	245	249	249	249	247	246	243	240	240	237	232	229	229	232	234	236	238	236	236	241	245	241	246	244	245	245	235	221	220	188	168	168	170	170	170	172	179	193	195	211	224	225	222	221	222	226	203	85	12	19	41	43	40	36	35	39	36	25	45	77	42	45	47	48	52	52	55	61	108	161	216	221	223	221	221	221	221	219	216	216	214	214	214	214	214	217	215	215	215	212	211	208	205	204	203	203	200	194	172	153	137	123	115	109	104	113	123	136	22
0	104	87	60	60	57	53	55	60	124	162	209	215	224	223	222	223	223	217	160	122	88	64	59	60	61	52	65	98	2	0	108	225	252	250	250	252	252	252	250	250	248	248	247	247	247	247	247	247	248	247	249	251	255	255	255	255	254	252	246	244	245	241	237	234	234	234	236	240	243	243	242	246	250	248	252	247	247	249	238	222	223	190	171	171	171	171	171	173	178	188	190	207	223	224	223	222	225	223	213	95	19	24	43	45	48	40	40	37	34	23	41	73	40	43	44	42	48	51	55	56	103	164	219	220	222	222	222	222	220	219	219	219	217	218	216	215	215	218	215	216	215	213	212	210	209	209	211	214	214	210	178	152	129	116	104	111	110	117	116	125	23
0	102	82	57	57	56	52	52	57	121	165	209	218	226	225	225	226	227	224	163	120	84	58	54	59	61	59	66	93	0	0	111	224	253	251	249	251	251	251	251	251	249	247	247	247	247	247	247	249	249	248	250	254	255	255	255	255	254	252	246	245	244	242	237	236	235	233	233	239	244	244	245	250	254	253	253	249	247	247	238	218	221	190	171	173	171	171	171	171	178	188	191	209	226	226	225	225	227	222	208	92	21	24	41	45	48	42	40	36	33	25	42	71	44	44	45	44	45	51	55	56	102	164	220	220	222	224	222	220	219	220	220	220	218	218	219	218	218	218	218	216	215	216	213	211	211	210	209	212	211	212	181	156	130	118	108	111	104	116	129	134	26
0	96	86	63	63	61	56	56	61	127	164	211	220	228	223	224	230	230	223	167	123	86	57	47	52	52	55	66	89	0	0	102	223	254	251	251	253	253	253	253	253	251	251	249	249	249	251	251	253	253	248	248	252	254	254	254	252	248	246	244	242	242	241	238	237	236	230	232	238	245	244	244	249	252	252	253	250	247	245	236	218	219	189	169	171	171	169	169	171	176	188	192	212	227	226	226	228	226	228	204	84	18	18	38	44	43	44	41	42	39	28	44	69	39	42	44	43	44	46	49	54	101	162	219	222	222	220	217	215	215	218	219	219	217	218	216	216	216	218	218	216	215	215	212	210	207	204	207	210	213	219	183	155	127	120	112	117	119	118	121	127	20
0	98	83	60	62	60	55	55	60	126	165	210	221	228	220	224	232	232	225	174	125	87	56	43	51	51	54	60	85	0	0	99	224	253	251	251	251	253	253	253	253	253	251	251	251	251	251	253	253	253	248	248	250	252	252	250	248	246	244	240	240	239	238	237	236	234	230	230	238	242	241	243	247	251	252	250	251	247	240	235	216	217	187	169	169	169	169	169	171	178	188	194	211	224	226	230	234	231	227	204	86	16	10	32	43	42	46	43	48	41	25	44	70	39	44	48	45	45	44	49	53	100	162	219	222	222	220	217	213	213	219	220	217	216	218	218	218	218	218	218	218	217	216	215	210	205	202	203	208	209	214	180	157	132	122	114	116	121	116	122	135	17
0	100	78	55	58	58	53	53	58	124	164	212	215	221	220	225	230	232	228	171	128	88	58	48	48	52	49	66	89	1	0	99	225	251	249	249	249	251	252	251	251	251	251	251	249	249	249	249	249	249	248	248	248	250	250	250	248	246	244	243	241	241	239	236	234	232	230	231	236	240	242	240	245	250	253	249	247	247	245	235	218	217	185	165	165	167	169	173	173	180	192	194	207	222	229	233	235	234	226	206	83	14	15	36	44	42	50	50	48	36	24	41	69	45	45	47	40	40	45	50	55	98	161	218	219	221	221	219	214	214	219	223	216	216	220	219	220	218	218	218	218	219	218	214	207	205	206	212	208	210	206	174	153	132	118	117	117	117	116	119	130	19
0	108	92	71	74	74	69	69	74	135	165	210	214	219	218	221	225	228	224	172	132	97	70	60	60	60	55	69	95	8	0	102	225	249	247	247	249	250	250	249	251	251	251	251	249	249	249	249	247	247	248	248	248	248	250	250	248	246	245	243	241	242	239	236	234	232	230	231	236	240	240	240	245	250	253	251	250	249	246	237	219	218	191	172	170	172	175	177	177	184	197	196	203	215	222	227	231	231	230	205	85	11	5	23	27	34	31	37	30	20	5	33	89	65	62	64	57	61	65	67	70	110	167	219	219	220	222	220	215	215	219	223	219	221	224	224	227	225	221	221	223	224	223	218	210	208	211	216	212	211	209	180	166	147	132	128	132	134	130	131	138	28
0	120	122	108	110	108	103	103	106	159	171	210	216	219	215	218	220	222	223	176	138	107	90	80	78	78	79	92	113	19	4	103	223	245	247	247	247	248	250	249	251	251	251	251	249	249	249	249	249	249	247	247	249	249	249	249	249	247	246	242	242	242	239	236	234	232	232	233	237	240	240	240	247	252	254	251	252	251	250	240	220	220	198	180	179	179	182	184	180	186	194	194	203	212	216	216	221	223	223	201	90	11	0	9	0	0	0	0	0	0	0	30	102	100	96	97	93	98	101	100	103	141	174	217	217	217	219	219	213	213	213	221	223	227	228	227	229	228	229	229	232	231	225	221	216	216	220	224	221	222	224	199	186	167	158	155	161	165	157	155	160	51
0	97	97	88	88	86	81	79	83	129	177	210	217	221	215	217	220	219	222	175	134	102	83	74	71	70	66	78	101	14	4	101	225	251	247	248	248	248	250	249	251	251	251	251	249	249	249	249	249	249	248	248	249	251	251	251	251	249	245	243	243	242	239	236	234	232	232	233	237	240	242	240	247	252	254	253	254	253	252	242	220	222	199	183	181	181	185	183	180	181	191	194	206	214	215	215	217	219	223	203	93	10	27	96	90	89	88	91	89	77	81	49	2	6	2	0	0	2	5	8	13	51	182	216	216	216	218	218	216	214	213	220	226	231	230	228	229	228	228	228	234	231	224	220	218	218	217	218	216	220	223	200	182	162	151	147	152	154	149	145	150	44
0	107	117	110	110	106	101	101	104	143	184	211	219	221	217	219	220	219	222	177	138	111	98	91	89	87	92	102	121	28	7	101	222	248	248	248	248	248	250	249	251	251	251	251	251	251	249	249	249	247	247	248	248	250	250	250	249	248	246	242	242	241	238	236	234	232	232	233	237	240	242	240	247	252	254	255	255	255	254	244	223	223	203	189	187	187	191	189	184	185	193	197	207	216	213	212	215	215	214	196	86	0	15	97	79	63	69	59	57	62	77	50	3	23	17	14	13	17	23	26	33	71	190	214	214	216	218	220	218	216	218	227	235	240	237	234	237	237	235	235	241	238	228	226	229	229	228	226	224	227	234	216	199	180	175	172	177	178	175	168	169	64
0	123	127	120	120	118	113	111	117	152	185	209	216	219	215	216	218	216	212	174	139	116	111	105	102	101	101	109	127	32	7	99	221	247	248	248	248	248	250	249	251	251	251	251	251	251	249	249	249	247	244	245	245	246	248	248	248	246	245	242	240	241	237	234	232	233	232	233	237	240	240	240	247	252	254	255	255	255	253	246	223	227	210	196	194	194	198	196	191	193	198	202	210	215	213	211	215	213	212	192	81	0	2	84	63	50	48	54	38	44	70	43	11	39	38	34	36	38	44	46	51	88	193	213	214	214	218	218	218	218	220	229	237	242	241	241	245	244	243	243	244	242	232	231	239	238	234	228	225	226	236	226	212	197	191	186	194	195	192	184	177	68
0	127	133	124	124	122	117	117	120	154	180	206	213	216	211	211	215	215	214	178	141	116	113	105	104	100	105	113	129	33	5	96	218	245	247	247	248	248	250	249	249	249	251	251	251	251	251	251	251	247	244	242	243	244	246	244	244	241	242	241	238	238	236	234	232	231	230	231	236	240	240	239	245	252	254	254	254	254	253	247	225	227	208	196	194	194	198	196	192	194	203	205	214	219	216	214	215	214	206	188	75	0	0	77	60	50	48	46	38	47	55	41	24	46	42	41	45	44	49	52	54	89	193	211	213	214	216	216	216	216	220	228	235	239	241	241	250	249	241	238	240	235	228	229	238	240	235	228	224	223	234	226	216	204	197	194	204	201	198	190	178	69
0	131	134	123	125	123	119	119	121	153	182	207	212	212	209	212	214	213	212	179	138	114	113	106	109	106	106	111	125	32	3	91	213	241	245	247	248	248	250	250	249	249	251	251	251	251	251	251	251	247	242	241	242	243	243	243	242	241	241	239	236	236	236	232	230	231	230	231	236	238	238	239	245	250	253	255	254	254	253	247	226	227	209	196	194	194	198	198	194	196	203	206	216	223	218	215	217	213	207	192	75	0	0	76	57	46	41	43	42	45	61	47	13	50	46	47	49	45	52	54	54	91	193	213	213	214	216	216	214	214	219	227	234	242	242	243	251	250	245	242	242	237	229	230	238	240	238	229	227	222	230	223	215	205	197	194	202	198	198	189	175	68
0	135	135	125	126	125	123	121	121	153	185	212	210	212	211	211	213	215	220	182	141	113	112	108	102	106	99	106	120	27	2	92	214	240	243	245	247	247	248	248	249	249	251	251	251	251	251	251	251	247	240	240	241	241	241	241	241	242	238	236	236	235	234	232	229	230	233	232	236	239	239	238	245	250	250	251	253	253	253	241	228	225	204	192	190	192	195	195	192	193	202	205	214	219	215	213	214	215	212	192	80	0	1	81	53	44	40	42	42	47	59	44	15	41	44	42	42	40	46	48	49	88	193	214	214	214	216	214	213	213	214	224	231	245	242	248	249	248	248	245	245	234	230	224	232	236	238	236	226	224	225	220	212	203	197	191	195	191	192	186	172	64
0	126	134	126	126	125	125	123	121	153	185	212	208	210	211	210	213	215	221	182	146	115	110	107	104	105	103	105	115	23	4	95	214	238	243	245	247	247	248	248	249	249	251	251	251	251	251	251	251	247	240	238	241	241	241	240	241	241	238	236	236	236	234	231	231	232	233	233	236	240	238	238	245	249	250	249	253	252	253	242	229	223	204	190	190	190	193	193	192	193	201	203	212	217	214	211	211	213	212	197	84	0	3	80	50	41	37	41	48	51	60	42	12	44	42	40	42	40	44	45	45	85	191	213	214	214	216	216	213	213	212	216	238	244	249	250	242	245	247	246	245	236	231	224	231	236	242	241	231	228	227	217	210	202	195	190	194	191	193	186	172	64
0	122	132	125	125	125	126	126	123	155	184	210	206	209	209	209	212	214	216	180	148	124	115	108	108	105	98	98	113	24	13	110	227	250	247	245	247	247	248	248	249	249	251	251	253	253	253	253	253	249	242	240	242	242	242	242	242	241	241	239	238	239	238	236	236	235	234	235	238	242	240	240	245	248	248	247	251	250	253	242	227	223	204	192	190	192	193	193	190	192	199	202	207	213	212	209	209	213	212	198	83	0	7	81	49	36	38	41	49	54	63	44	13	46	39	38	40	39	44	43	47	85	191	211	213	214	216	216	216	214	212	221	240	246	251	246	234	238	246	246	246	240	233	229	231	236	240	240	232	229	224	215	208	199	197	191	191	190	193	187	177	67
0	108	118	111	111	112	114	114	112	139	160	182	180	181	182	185	186	186	186	156	135	116	107	101	99	93	94	94	112	25	18	115	228	250	247	245	247	247	248	248	249	249	251	251	253	253	253	253	253	249	245	242	245	245	244	244	244	245	243	241	243	243	242	239	239	238	238	239	241	244	242	241	245	247	249	250	251	249	252	242	227	225	209	197	195	195	197	197	193	195	202	204	212	217	216	215	215	216	222	202	82	0	19	101	72	59	64	66	72	77	87	65	27	48	49	47	47	47	51	52	61	91	186	202	204	207	209	209	209	207	206	216	210	221	221	215	207	204	216	218	219	218	217	216	222	222	228	226	222	220	214	205	201	193	188	182	177	177	181	179	175	66
0	93	95	84	84	84	87	87	87	109	115	133	132	134	136	138	140	138	133	109	100	91	87	86	87	81	73	79	101	14	16	116	231	253	247	245	245	247	248	248	249	249	251	251	253	253	253	253	253	251	247	245	248	248	248	247	248	248	246	243	244	244	244	242	242	243	241	242	244	245	243	243	246	249	251	252	253	251	255	245	229	227	216	205	201	201	203	203	200	201	207	211	219	225	225	224	224	227	226	204	82	7	44	134	118	109	110	115	120	128	130	103	59	69	67	66	66	69	70	73	81	95	178	185	189	191	192	192	192	192	188	180	176	168	168	164	160	155	163	165	167	175	183	189	195	194	194	194	193	192	187	178	173	168	171	164	159	160	162	162	163	53
0	120	117	101	99	99	101	103	103	117	133	144	145	148	148	150	150	147	147	130	119	105	99	93	91	87	91	98	118	21	10	114	224	248	247	245	245	245	248	248	249	249	251	251	253	253	253	253	253	251	248	247	250	250	249	249	249	247	247	245	244	246	244	243	242	242	240	240	242	244	244	245	249	253	252	253	254	254	255	245	229	227	216	207	203	203	207	207	203	205	211	215	223	230	231	231	232	231	231	207	85	12	48	132	123	121	129	131	125	128	136	138	135	158	154	157	157	160	160	159	162	155	101	99	101	101	101	101	102	101	96	95	165	156	163	155	146	144	151	151	152	165	182	195	199	195	192	192	193	195	188	180	175	171	171	167	160	162	164	165	167	52
0	111	101	78	75	75	75	75	75	82	90	95	96	96	97	96	95	93	91	85	81	75	77	74	70	71	72	83	106	4	0	100	213	241	243	243	245	245	248	248	249	249	250	250	252	252	252	252	252	252	249	250	251	251	250	250	250	250	250	247	246	247	246	243	243	244	241	241	244	244	244	246	254	255	254	255	255	255	255	247	230	229	217	210	208	208	212	212	208	212	218	223	232	239	240	241	243	243	236	212	87	27	76	170	179	186	183	190	183	186	186	190	195	202	198	203	202	204	204	201	199	171	74	60	58	56	54	54	56	53	46	27	116	89	89	90	92	96	90	87	89	110	132	154	158	155	151	154	158	162	157	149	144	142	145	145	137	138	139	143	144	31
0	106	87	61	57	57	57	57	57	59	56	59	60	61	59	59	57	55	56	56	58	55	60	54	53	53	57	73	101	0	0	96	211	240	241	243	245	245	247	248	249	249	250	250	252	252	252	252	252	252	252	252	253	253	252	252	252	252	252	250	250	249	247	245	245	246	244	244	246	245	245	247	254	255	252	253	255	255	255	247	231	229	221	215	212	212	215	215	215	217	227	230	240	247	248	249	252	252	251	221	90	37	95	195	208	219	221	227	215	217	210	214	218	211	214	219	216	217	218	218	211	173	67	44	42	40	40	40	38	37	39	4	72	48	45	56	60	49	45	41	46	73	105	131	136	135	130	130	137	142	137	132	127	125	127	128	120	120	122	128	134	22
0	103	84	58	58	58	58	58	60	61	57	59	59	59	58	58	58	56	56	58	61	61	59	57	54	55	59	72	96	0	0	99	218	247	244	243	245	245	247	248	249	248	250	250	252	252	252	252	254	254	252	252	252	252	254	254	254	252	252	250	251	249	247	247	247	246	246	246	249	249	247	249	253	253	253	249	251	251	255	249	235	233	223	216	215	215	215	216	218	222	225	228	241	249	245	246	251	253	248	221	93	35	101	195	210	218	220	220	220	218	214	213	213	213	213	214	213	217	220	220	211	171	60	38	37	38	42	42	37	37	39	7	74	37	45	51	66	60	49	39	46	74	106	133	138	137	135	136	135	137	136	131	127	125	126	127	126	125	121	126	136	28
0	106	85	60	60	60	62	62	63	63	56	56	56	58	58	58	58	56	53	54	60	59	55	54	56	56	60	72	97	0	0	100	220	248	246	243	245	245	247	247	249	248	250	250	252	252	252	252	254	254	252	252	252	252	254	254	254	254	252	252	251	249	249	247	247	247	246	247	249	249	249	249	253	253	250	247	249	250	255	249	237	235	221	214	213	211	213	213	216	220	224	226	241	247	243	244	251	253	249	221	95	35	101	197	211	217	218	218	219	217	213	214	216	216	214	214	214	216	218	218	208	169	59	37	37	39	46	45	39	37	38	15	68	37	41	48	58	56	37	40	43	74	102	129	136	147	137	138	136	137	137	130	128	124	122	122	124	123	118	122	134	26
0	104	83	56	58	58	58	58	60	60	54	54	54	56	56	56	56	56	54	55	60	59	56	54	57	57	60	73	98	0	0	99	219	247	245	243	245	245	247	247	249	248	250	250	252	252	252	252	252	252	252	252	252	252	252	252	252	252	252	252	251	249	249	247	247	247	246	247	249	249	249	249	253	253	249	246	249	250	255	250	235	234	222	215	213	211	213	213	215	218	222	224	239	245	241	241	247	248	247	219	93	35	101	196	211	217	217	217	218	216	215	213	218	217	215	215	215	217	216	216	209	172	63	46	46	49	53	51	47	44	43	2	82	39	43	43	43	35	35	39	39	70	104	130	132	139	136	135	133	135	135	128	126	121	121	121	121	121	117	122	133	25
0	104	84	57	59	59	59	59	61	61	55	55	55	55	56	56	56	54	54	56	59	61	58	54	56	58	59	72	98	0	0	99	220	248	245	243	245	245	247	248	249	248	250	250	252	252	252	252	252	252	252	252	252	252	252	252	252	252	252	250	251	249	249	247	247	247	246	247	249	249	249	249	253	253	249	247	250	250	255	249	235	233	221	214	212	210	210	210	214	215	222	225	239	246	241	241	246	246	247	219	93	35	99	195	211	217	218	218	219	219	215	215	220	220	214	214	217	219	218	215	209	173	63	46	47	49	51	49	47	42	38	3	90	47	41	36	35	35	34	39	46	70	105	128	135	139	136	138	136	138	136	130	126	121	121	118	119	118	114	121	131	25
0	105	84	59	59	59	59	59	61	61	54	54	54	54	54	54	54	54	52	54	61	61	59	57	58	57	59	74	97	0	0	98	217	247	245	243	244	245	247	248	249	248	250	250	252	252	252	252	252	252	252	252	252	252	252	252	252	252	250	250	251	249	249	249	247	247	246	247	249	249	249	249	253	253	251	249	250	250	254	246	232	231	222	215	215	213	211	211	215	216	221	227	243	252	248	246	249	248	246	219	93	35	99	195	210	216	218	217	219	219	217	220	223	224	218	217	219	222	218	215	208	168	60	40	42	44	42	40	38	37	30	15	77	50	51	45	41	42	45	44	50	77	104	132	135	132	139	141	140	142	140	132	127	123	121	120	120	119	116	123	135	28
0	101	85	59	61	59	61	61	61	61	53	54	54	54	54	54	53	53	53	54	63	63	61	60	60	60	62	76	101	1	0	99	219	247	245	243	244	246	248	248	249	248	250	250	252	252	252	252	252	252	252	252	252	252	252	252	252	252	250	250	249	249	249	249	247	247	247	247	249	249	247	249	253	253	251	250	250	250	253	245	230	230	217	210	210	208	207	207	208	212	218	223	241	253	249	249	252	248	247	217	91	35	99	195	211	216	216	216	219	220	220	221	227	228	223	221	226	229	222	216	210	167	51	28	30	31	28	26	26	24	26	0	93	61	55	57	57	57	57	61	60	89	103	132	131	132	137	140	139	139	138	130	125	121	118	115	115	117	114	122	132	25
0	106	85	61	62	61	62	62	62	62	55	57	57	56	56	56	56	56	57	57	64	63	60	60	62	62	64	76	101	4	0	101	220	248	245	245	246	246	248	247	249	248	250	250	252	252	252	252	252	252	252	252	252	252	252	252	250	250	250	250	249	249	249	249	249	247	247	247	249	249	247	247	253	253	251	251	252	249	253	245	229	227	210	201	201	201	199	199	201	205	214	222	239	252	248	249	252	248	246	218	92	35	99	196	209	215	214	217	219	220	220	224	228	228	227	226	230	232	227	221	215	171	38	8	10	10	10	8	8	7	1	0	100	84	79	76	75	73	75	86	83	93	111	126	127	135	136	139	136	136	135	128	123	117	112	109	109	110	108	114	126	20
0	94	75	52	52	52	52	52	52	52	58	58	60	58	60	58	59	57	59	61	63	62	58	56	61	61	61	75	101	3	0	102	221	249	247	245	246	246	248	247	249	248	250	250	252	252	252	252	252	252	253	253	253	253	253	253	251	251	250	250	249	249	249	249	249	249	247	249	251	249	247	247	253	255	252	250	251	249	252	243	228	223	210	200	200	200	198	198	200	205	212	219	238	248	247	248	249	247	245	217	91	35	100	197	210	216	216	218	220	221	222	224	227	230	230	230	231	233	228	222	218	169	104	65	65	65	64	64	60	60	62	63	26	20	20	25	18	25	24	23	23	36	109	127	133	131	133	136	133	133	132	125	120	115	113	110	109	111	109	116	126	22
0	85	72	47	47	47	47	47	47	47	60	60	63	61	63	60	63	61	63	64	62	57	56	56	58	58	60	73	95	3	0	103	221	247	246	244	246	246	247	247	248	250	252	252	252	252	252	252	252	252	252	252	251	251	251	251	251	251	249	249	249	249	249	249	249	249	249	249	251	249	247	246	252	254	252	252	252	253	249	242	223	226	203	189	189	189	189	189	189	196	207	210	227	242	243	242	242	242	244	219	91	34	103	197	209	216	215	218	219	223	225	224	226	231	234	236	237	233	234	224	211	168	128	76	73	71	71	67	64	66	74	89	0	14	15	15	13	16	21	23	21	15	119	129	127	127	126	125	128	125	125	115	117	110	105	102	102	101	101	108	124	11
0	98	74	51	51	51	51	49	51	49	62	62	63	63	63	62	63	63	63	65	64	61	58	59	60	62	62	75	99	5	0	103	223	247	246	244	246	246	247	249	250	250	252	252	252	252	252	252	252	252	252	252	251	251	251	251	251	251	249	249	249	249	249	249	249	249	249	249	251	249	247	246	252	254	252	252	252	253	249	242	222	221	193	177	178	178	178	177	178	186	198	203	222	239	242	241	239	241	242	219	91	34	103	197	211	216	215	218	219	223	225	225	229	234	240	243	243	239	239	231	217	166	110	51	46	46	46	44	39	41	50	79	8	40	40	39	37	41	46	47	46	33	122	126	126	124	120	118	121	118	118	108	108	101	96	92	94	93	93	100	117	5
0	87	75	52	52	52	52	51	52	51	64	64	65	65	65	64	63	63	65	65	66	62	60	61	63	63	63	77	101	7	0	103	223	247	246	246	247	247	249	249	250	250	252	252	252	252	252	252	252	252	252	252	251	251	251	251	249	249	249	249	249	249	249	249	249	249	251	251	251	249	247	246	252	254	254	254	252	253	249	240	220	218	187	170	171	171	171	171	173	180	193	199	222	241	243	241	239	241	242	219	92	35	103	197	211	216	213	216	219	223	227	227	231	236	242	243	244	242	246	240	227	173	108	44	42	44	48	48	44	42	42	72	12	47	44	41	39	43	44	44	44	31	117	122	126	124	119	116	120	116	116	104	104	98	91	86	88	87	89	96	113	4
0	91	77	54	54	54	52	52	52	52	64	64	65	65	65	62	63	63	65	65	66	62	62	63	63	65	65	79	101	7	0	103	223	247	246	246	247	247	249	249	250	250	252	252	252	252	252	252	252	252	252	252	251	251	251	251	249	249	249	249	249	249	249	249	249	249	251	251	251	249	247	246	252	254	254	254	252	253	249	239	218	216	186	168	171	171	170	170	170	178	193	199	224	244	245	244	241	241	242	219	92	35	103	198	211	216	213	216	219	223	227	229	233	238	242	243	246	244	248	243	233	177	106	41	41	44	48	50	46	44	42	72	12	47	42	43	43	45	44	42	40	28	115	120	126	126	120	116	120	116	116	106	106	98	91	86	88	87	89	98	115	4
0	94	77	54	54	54	52	52	52	52	64	64	63	63	63	62	63	61	63	65	66	62	62	63	63	65	65	79	101	7	0	101	221	247	246	246	247	247	249	249	250	250	252	252	252	252	252	252	252	252	252	252	251	251	249	249	249	249	247	247	249	249	249	249	251	251	251	251	251	249	246	246	252	254	254	254	254	253	249	239	216	216	187	171	175	175	173	173	173	180	194	203	227	248	250	248	244	242	244	219	92	35	104	198	211	216	213	214	217	223	227	229	234	240	242	243	248	246	248	242	233	177	104	41	41	44	48	50	48	48	48	75	8	40	38	41	48	50	46	40	35	23	113	122	126	127	122	119	123	121	121	110	110	101	93	88	90	89	91	101	120	7
0	91	75	54	54	52	52	52	52	51	64	62	63	63	63	60	61	61	63	64	64	61	60	61	63	65	65	77	99	5	0	101	219	246	246	246	247	247	249	249	250	250	252	252	252	252	252	252	252	252	252	252	251	251	249	249	249	249	247	247	249	249	249	249	251	251	251	251	251	249	246	245	252	254	254	254	254	253	249	239	216	216	189	175	178	178	175	173	173	180	194	203	229	249	252	249	246	242	244	219	92	35	104	198	211	214	213	214	217	221	229	231	234	240	240	243	248	246	246	240	231	175	104	41	42	44	46	46	46	48	50	77	7	38	37	41	48	52	47	40	33	21	115	122	126	126	124	121	125	123	123	112	110	101	94	88	90	89	93	103	122	9
0	90	75	52	52	52	52	51	51	51	64	62	63	61	61	58	59	59	61	64	64	61	60	61	63	63	65	77	99	5	0	99	217	246	246	246	247	247	249	249	250	250	252	252	252	252	252	252	252	252	250	250	251	251	249	249	247	247	247	247	249	249	249	249	251	251	253	253	251	249	246	245	252	254	255	255	254	253	247	237	215	214	191	175	178	178	175	173	171	178	193	201	227	249	250	248	242	241	244	220	94	37	106	200	211	214	213	214	217	221	229	231	236	240	240	242	248	246	243	234	227	173	103	41	42	42	42	42	42	46	50	77	10	42	38	39	43	48	49	46	37	23	117	124	124	124	122	121	125	121	121	110	108	100	93	86	88	89	93	101	120	9
0	91	74	51	52	52	52	52	51	49	64	62	61	59	59	60	61	63	63	64	62	59	56	59	62	63	63	75	95	2	0	99	219	246	246	246	247	247	249	249	250	250	252	252	252	252	252	252	252	250	250	248	249	247	247	246	246	246	246	246	247	249	249	251	249	249	249	249	249	247	246	245	250	254	254	252	252	251	247	237	216	216	193	178	180	182	180	178	177	182	198	205	227	246	249	246	241	239	242	220	96	39	104	198	211	216	213	214	215	220	225	227	236	242	240	242	246	244	241	233	224	173	110	50	50	48	46	46	50	53	57	82	10	40	37	36	37	43	47	46	37	24	119	126	127	127	126	123	125	123	123	113	113	105	98	93	97	98	98	107	124	9
0	86	68	47	51	54	56	54	49	49	64	65	60	57	58	63	66	68	68	65	61	57	53	55	60	62	58	68	91	0	0	102	220	248	246	246	247	247	249	249	250	250	250	250	252	252	250	250	250	250	247	248	245	240	241	243	242	243	242	242	246	246	250	252	250	246	244	241	246	247	245	245	250	252	250	247	248	245	246	238	224	217	198	182	184	187	189	189	187	193	208	212	229	242	244	244	239	235	240	220	101	43	100	194	211	217	218	216	213	214	219	223	236	243	242	239	244	241	238	232	224	173	126	67	64	60	58	60	64	67	73	94	7	33	30	31	31	35	36	43	34	21	126	129	136	134	135	130	127	127	124	118	122	116	114	108	116	114	110	120	125	14
0	91	71	48	54	57	59	57	52	50	64	64	59	55	56	61	65	65	66	64	63	59	57	60	67	67	64	71	94	0	0	104	221	249	247	246	247	247	249	249	250	250	250	250	252	252	250	250	250	248	246	245	240	236	237	238	240	240	237	240	243	244	249	250	245	242	242	241	244	245	247	247	250	252	247	246	247	246	248	239	225	219	200	187	189	191	194	194	191	194	208	212	228	239	241	239	236	235	234	213	99	41	96	192	210	218	217	215	209	210	213	218	233	243	241	238	240	236	235	231	224	183	135	84	80	77	78	80	82	84	83	103	67	87	79	74	79	80	80	82	82	80	74	77	93	93	89	85	80	81	85	84	118	128	124	121	128	128	124	129	135	27
0	94	77	54	56	57	57	56	52	50	60	60	57	53	53	55	56	56	56	57	59	61	61	64	70	69	66	77	100	3	0	105	222	249	247	246	247	247	249	249	250	250	250	250	252	252	250	250	250	245	242	239	234	229	230	233	232	232	230	232	234	236	241	242	238	235	240	241	244	245	247	247	249	249	248	245	246	248	250	241	225	223	209	202	202	202	204	202	197	199	207	212	227	236	233	230	230	229	227	207	89	30	89	186	207	215	214	210	206	205	208	213	225	236	236	235	236	233	231	229	230	197	151	110	112	113	115	117	117	113	112	117	129	136	130	123	132	131	134	127	125	129	30	25	37	38	32	32	31	33	41	45	112	140	145	146	152	153	150	150	155	49
0	92	79	56	56	56	54	52	50	48	56	58	56	53	52	51	51	51	52	54	57	61	62	64	66	65	64	76	102	3	0	104	223	250	247	246	247	247	249	249	250	250	250	250	252	252	250	250	250	245	236	233	228	224	225	225	226	227	224	226	228	230	235	236	233	232	238	240	244	244	244	243	246	248	247	246	246	248	251	242	227	227	217	212	210	210	212	210	205	205	211	214	226	233	230	227	228	227	224	202	84	25	85	184	206	214	211	208	205	203	208	213	224	232	236	235	231	228	227	227	230	204	163	129	134	138	140	140	136	133	126	118	134	127	123	119	127	125	124	120	120	129	32	30	42	48	39	40	41	44	51	51	137	168	171	174	178	177	177	172	175	69
0	94	79	56	54	52	50	48	50	48	54	56	56	56	54	53	49	48	50	54	57	62	63	64	63	63	60	73	99	2	0	103	222	251	247	246	247	247	249	249	250	250	250	250	252	252	250	250	250	245	235	231	227	222	222	223	224	222	220	222	225	229	234	235	233	232	236	240	242	242	241	241	243	244	245	244	246	246	250	243	228	227	218	211	208	209	213	213	209	209	216	216	224	231	228	229	231	229	226	202	82	23	83	182	206	215	209	208	206	207	213	219	230	237	237	234	231	225	222	222	225	200	168	135	140	144	144	142	138	136	142	131	128	117	119	122	126	130	129	127	119	121	45	41	46	47	48	49	49	50	55	49	140	168	171	177	177	174	177	172	170	62
0	93	80	57	56	52	50	50	52	50	54	56	58	58	55	55	51	48	50	52	57	62	63	63	63	61	56	71	99	2	0	103	223	248	246	246	247	247	249	249	250	250	250	250	252	252	250	250	250	245	235	233	228	221	222	222	223	222	220	222	225	229	235	236	236	235	237	238	240	241	240	240	242	242	242	242	244	245	249	244	230	228	218	211	208	209	213	215	211	213	217	217	223	228	225	228	234	232	230	205	84	25	85	184	207	214	210	207	206	208	214	220	229	237	237	235	231	227	223	223	225	200	167	135	139	141	141	139	135	135	135	135	124	118	122	126	127	132	133	133	124	127	42	41	45	44	46	45	47	47	50	49	138	165	174	180	178	175	180	178	170	59
0	100	84	63	59	56	54	54	56	54	56	56	61	60	57	56	53	51	50	50	56	59	62	62	60	58	54	69	100	2	0	102	221	247	246	246	247	247	249	249	250	250	250	250	252	252	250	250	250	245	239	238	231	226	226	224	226	227	224	226	229	234	240	243	241	238	237	238	240	241	238	238	241	242	241	242	245	244	251	246	232	230	222	215	209	209	215	216	215	215	218	217	221	224	222	226	232	233	235	212	89	31	91	189	210	217	210	207	204	206	210	217	225	232	236	235	235	232	232	230	230	202	168	133	133	133	136	136	136	134	132	132	128	123	122	120	116	120	130	130	126	133	37	35	39	38	43	43	48	47	44	48	139	169	173	177	177	177	181	177	169	57
0	93	84	61	59	56	54	54	56	56	56	58	61	60	59	58	56	55	54	57	58	59	61	61	58	56	54	69	101	3	0	103	219	247	246	246	247	247	249	249	250	250	250	250	252	252	250	250	250	245	240	238	233	226	226	226	226	228	224	226	231	233	239	244	240	238	236	235	239	240	238	236	241	242	240	242	246	245	251	246	231	230	223	215	211	209	215	216	216	216	219	218	225	225	223	225	234	237	236	214	91	31	91	187	209	216	209	206	202	205	211	215	226	232	234	233	235	234	236	234	230	202	169	134	130	130	134	135	139	135	132	127	133	125	120	119	114	116	125	127	125	132	42	35	34	38	38	39	47	45	36	46	135	167	178	179	178	179	179	171	162	53
0	96	79	56	54	54	52	52	52	52	58	57	61	61	59	60	64	62	64	66	62	63	65	63	62	59	57	72	104	3	0	102	218	245	246	246	247	247	249	249	250	250	250	250	252	252	250	250	250	245	237	235	230	223	224	225	224	225	222	224	229	231	237	240	238	235	235	235	240	240	237	238	242	241	241	242	244	247	248	247	230	231	223	215	211	209	215	216	216	218	223	223	227	230	230	232	239	238	235	211	85	27	86	181	202	208	206	200	203	206	210	221	230	236	230	228	230	231	236	234	229	200	169	134	130	130	134	137	141	139	132	127	137	131	124	115	110	111	117	125	128	134	44	32	36	38	36	36	43	46	39	49	137	169	178	185	178	172	175	165	154	46
0	87	75	52	52	52	50	50	48	50	61	61	64	65	63	65	68	68	76	74	66	64	64	63	64	62	61	77	109	8	0	101	218	247	246	246	247	247	249	249	250	250	250	250	252	252	250	250	250	245	237	235	230	225	224	225	226	224	224	226	229	231	237	240	238	235	236	238	240	240	240	241	245	244	242	242	244	247	250	246	229	229	222	213	208	208	211	211	211	213	217	219	226	232	230	232	240	238	232	209	87	27	81	176	197	202	201	197	199	200	204	214	227	234	227	224	228	228	232	230	223	197	169	134	130	130	134	137	139	139	133	127	135	127	121	114	112	112	117	118	122	136	44	41	43	39	36	36	43	46	45	48	140	174	180	182	178	173	172	166	157	45
0	93	76	53	53	53	51	49	46	51	73	77	75	77	77	77	80	80	87	79	69	64	61	60	63	63	66	82	113	14	0	100	221	250	247	246	247	247	249	249	250	250	250	250	252	252	250	250	250	245	238	237	232	227	227	228	229	228	227	229	232	236	240	242	239	238	238	240	244	244	243	242	247	248	246	244	244	249	249	246	227	228	218	209	204	202	202	202	200	204	209	212	223	228	225	226	231	231	230	209	90	27	79	173	190	195	195	192	191	191	195	205	218	228	224	221	224	222	223	222	214	191	169	137	132	130	134	134	135	134	132	126	126	118	115	114	120	119	116	115	118	137	44	46	49	46	41	41	46	47	49	52	137	170	178	177	180	179	176	173	166	56
0	93	80	57	57	57	57	57	53	65	78	89	87	88	91	93	94	94	98	88	77	71	67	65	64	67	66	83	112	15	0	100	221	247	246	246	247	247	249	249	250	250	250	250	252	252	250	250	250	246	241	238	234	230	231	232	231	232	231	232	236	237	242	243	240	238	239	239	242	244	242	243	248	248	247	248	244	248	249	243	225	226	213	202	197	193	195	195	193	199	208	210	222	228	225	225	228	229	231	209	89	21	71	166	178	180	175	172	173	175	180	189	202	216	218	215	216	213	214	211	205	184	165	137	131	130	131	131	130	130	132	125	120	110	111	113	120	120	113	111	115	136	74	81	87	89	90	87	84	84	88	87	119	129	135	134	137	138	136	134	131	48
0	96	83	62	64	65	69	71	72	96	87	106	107	111	115	119	121	120	119	103	93	87	76	73	70	69	70	82	106	13	0	96	217	243	246	246	247	247	249	249	250	250	250	250	252	252	250	250	250	248	243	242	237	233	236	235	236	237	235	237	239	240	243	246	242	239	239	240	244	244	244	246	251	250	248	249	245	247	247	239	224	225	204	188	183	181	183	185	185	194	208	209	222	232	234	234	234	235	238	213	89	12	55	149	149	146	143	143	143	149	161	170	186	202	205	203	201	200	199	197	191	175	157	132	128	127	128	127	125	127	133	123	112	99	105	106	111	110	101	102	104	136	132	153	163	169	172	170	169	169	164	150	87	50	53	50	49	47	50	51	56	13
0	98	87	65	65	67	71	74	76	108	114	139	141	144	150	152	156	153	147	126	116	106	94	89	84	82	79	89	109	17	0	97	217	242	246	246	247	247	249	249	250	250	250	250	252	252	250	250	250	248	246	245	240	238	239	240	241	242	240	242	244	244	248	247	244	241	242	242	246	247	247	249	255	255	249	251	246	246	246	238	222	223	196	176	173	171	173	174	174	185	204	209	222	237	242	243	240	241	244	216	88	5	43	132	127	119	113	114	116	122	139	148	168	187	196	194	194	192	190	188	184	167	153	129	126	124	124	122	121	122	127	117	101	90	97	99	99	97	96	98	94	120	140	161	168	176	185	182	176	169	168	170	82	46	40	41	41	36	40	36	42	18
0	92	87	64	62	62	64	65	67	103	118	147	148	152	155	157	156	154	150	129	116	104	88	83	80	81	86	97	114	24	3	97	221	246	246	246	247	247	249	249	250	250	250	250	252	252	250	250	250	248	248	246	243	241	244	244	244	246	244	244	247	247	251	250	245	242	242	244	247	249	249	251	255	255	252	253	245	247	247	236	219	223	192	172	169	167	167	167	167	179	204	208	224	243	249	246	242	241	243	214	90	5	40	128	119	112	114	116	117	124	139	150	170	192	197	196	196	193	193	190	183	167	155	130	125	123	123	121	120	120	121	110	94	83	92	91	88	85	83	90	88	118	138	166	177	186	180	182	180	173	172	169	78	45	40	38	43	39	37	34	33	11
0	97	87	65	64	62	62	64	64	99	120	151	150	157	159	158	155	152	151	125	112	97	81	83	82	86	84	95	112	22	5	98	223	247	247	247	247	249	249	249	250	250	250	250	252	252	250	250	250	248	246	247	242	242	244	243	245	245	242	243	246	246	248	249	246	243	244	246	249	251	251	253	255	255	253	254	247	247	246	232	216	219	191	172	172	170	168	168	166	177	202	208	225	246	252	248	241	241	240	213	92	5	42	131	122	115	116	117	116	119	134	147	166	190	197	198	198	195	195	193	186	169	153	128	125	123	125	123	121	120	124	110	95	83	92	90	85	84	91	90	84	120	138	171	179	181	185	185	176	169	177	170	84	51	45	38	41	35	31	37	38	10
0	97	90	71	69	67	67	67	65	99	118	147	149	156	158	154	149	146	149	125	109	94	77	77	82	87	87	88	110	18	8	102	216	248	247	249	248	250	250	250	250	250	252	252	252	252	252	252	252	248	246	244	245	243	243	243	242	243	242	242	243	244	245	245	246	246	246	247	251	253	253	253	253	251	252	248	251	244	242	229	213	218	188	172	175	175	173	170	168	177	198	206	225	244	254	250	242	242	245	216	87	6	37	132	120	114	110	108	115	119	133	144	159	189	192	192	190	191	192	190	191	172	151	126	124	126	128	128	126	124	127	112	101	85	92	93	84	88	96	93	90	123	138	169	172	176	177	180	177	173	167	170	81	52	44	42	40	43	37	39	41	10
0	97	88	67	67	65	67	65	64	97	118	146	152	158	160	156	151	148	149	128	114	98	80	81	86	91	77	90	112	16	5	104	216	239	247	248	250	249	249	249	249	251	251	253	253	253	253	253	253	251	246	245	246	246	244	244	243	243	243	243	244	245	244	246	247	247	245	245	248	250	250	250	248	248	252	249	252	244	239	226	215	217	186	168	175	177	173	172	168	177	196	201	219	242	251	250	241	238	247	218	89	10	44	134	118	107	108	106	114	121	135	149	165	192	194	194	191	191	192	190	191	171	147	122	122	122	124	124	122	122	126	112	103	87	91	90	87	92	100	99	91	121	139	166	168	168	173	178	176	172	167	165	79	51	48	46	40	42	42	43	44	14
0	97	81	57	57	57	58	60	62	96	109	138	147	157	158	156	151	151	158	142	125	108	88	82	85	85	89	90	101	16	7	102	209	238	242	246	246	246	246	246	246	248	247	249	249	249	251	251	253	249	244	241	242	243	242	242	242	243	243	244	245	246	246	246	248	246	244	244	247	249	249	249	247	247	249	251	255	248	241	231	223	223	184	164	172	173	172	170	170	178	196	198	212	231	242	244	236	232	236	215	93	9	39	128	122	111	108	108	118	127	143	156	172	195	201	202	198	196	195	190	190	169	150	125	124	122	121	119	117	117	118	108	103	88	88	88	86	92	100	100	98	124	143	171	173	179	177	177	171	169	167	163	85	56	48	45	39	39	41	43	41	13
0	110	99	80	80	80	81	83	87	115	116	141	150	160	160	159	156	156	156	146	133	121	108	105	106	105	99	115	122	34	7	93	195	218	221	223	223	223	224	224	226	226	227	227	229	229	230	230	230	229	224	221	222	222	222	222	222	223	225	227	227	226	229	229	231	229	223	223	224	226	226	226	224	224	227	229	233	229	224	216	211	207	176	160	165	168	168	166	166	173	189	188	198	212	222	224	220	219	224	198	84	6	48	138	131	113	119	122	131	138	147	156	170	187	191	192	191	186	184	181	180	162	152	129	129	128	125	123	121	121	122	115	115	105	103	101	103	107	113	118	114	133	144	164	167	174	171	171	169	169	168	157	80	45	45	43	40	41	42	44	40	15
0	77	82	72	75	75	77	77	75	91	86	99	105	112	113	113	110	110	114	104	93	84	78	79	85	87	86	89	89	28	7	62	131	144	147	147	147	147	149	149	149	149	152	152	153	153	155	155	155	153	150	147	148	148	147	147	148	148	150	150	151	151	153	153	155	153	147	145	147	149	149	149	147	149	152	154	157	157	153	146	140	138	125	116	120	120	120	118	118	123	127	128	134	144	153	154	152	152	153	133	50	0	35	97	100	96	89	91	94	96	98	104	116	127	130	132	131	130	127	126	126	116	107	93	93	94	92	92	94	94	91	87	86	79	77	75	80	85	87	88	82	96	105	121	126	129	122	122	119	120	120	109	61	38	30	29	29	26	27	31	29	16
0	0	0	0	0	0	0	0	0	0	0	0	0	5	5	4	3	2	4	0	0	0	0	0	0	0	0	0	0	0	5	19	36	36	35	35	35	35	37	38	36	36	36	38	38	38	38	38	38	38	35	34	35	35	32	32	33	33	32	32	32	34	34	35	35	35	35	33	33	33	33	33	33	33	36	37	39	39	36	30	25	22	9	5	7	9	7	5	4	5	14	16	23	31	35	37	37	37	39	34	7	0	0	0	0	0	0	0	0	0	0	0	5	12	12	15	16	14	12	12	16	9	0	0	0	0	0	0	0	0	0	0	0	0	0	0	0	0	0	0	0	0	0	13	16	16	14	14	12	9	9	9	4	0	0	0	0	0	0	0	2	2
